          50     1.28548     1.28548           0
         100     1.17967     1.23257   0.0529037
         150     1.42254      1.2959   0.0703026
         200     1.34207     1.30744   0.0510341
         250     1.29153     1.30426   0.0396588
         300     1.50977     1.33851   0.0471357
         350     1.28937     1.33149   0.0404507
         400     1.58225     1.36283   0.0470077
         450     1.63959     1.39358   0.0516163
         500     1.64617     1.41884   0.0526248
         550      1.6221     1.43732   0.0510616
         600     1.08941     1.40833   0.0548936
         650     1.07772      1.3829   0.0565373
         700    0.989721     1.35481   0.0594015
         750     1.04736     1.33432   0.0589762
         800    0.992836     1.31297   0.0591517
         850    0.924603     1.29013   0.0600765
         900     1.49694     1.30162   0.0577943
         950     1.32016     1.30259   0.0546766
        1000     1.73806     1.32437   0.0562552
        1050     1.59222     1.33712   0.0550085
        1100     1.93593     1.36434   0.0590907
        1150     2.00278      1.3921   0.0629174
        1200      2.0017      1.4175   0.0653749
        1250     1.44655     1.41866   0.0627162
        1300     1.53884     1.42328   0.0604328
        1350      1.0945     1.41111   0.0594128
        1400    0.977021      1.3956   0.0593135
        1450    0.995332      1.3818   0.0588725
        1500     1.46281      1.3845   0.0569403
        1550     1.27088     1.38084   0.0551947
        1600     1.16637     1.37413   0.0538607
        1650     1.43974     1.37612   0.0522409
        1700     1.66773      1.3847   0.0514017
        1750     1.59597     1.39073   0.0502751
        1800     1.25575     1.38698   0.0490023
        1850     1.30741     1.38483    0.047708
        1900     1.18666     1.37962   0.0467275
        1950     1.47587     1.38209   0.0455805
        2000     1.31443      1.3804   0.0444585
        2050     1.67741     1.38764   0.0439616
        2100     1.95992     1.40127   0.0450139
        2150     1.63173     1.40663   0.0442802
        2200     1.25181     1.40311    0.043405
        2250      1.4003     1.40304   0.0424295
        2300       1.266     1.40006   0.0416037
        2350    0.940383     1.39028   0.0418673
        2400     1.61802     1.39503   0.0412595
        2450     1.72979     1.40186   0.0409821
        2500     1.36376      1.4011   0.0401614
        2550     1.53972     1.40382   0.0394597
        2600     1.71949     1.40989   0.0391668
        2650     1.16274     1.40522   0.0387026
        2700     1.32982     1.40383   0.0380048
        2750     1.57139     1.40687   0.0374316
        2800     1.21556     1.40346   0.0369155
        2850     1.11813     1.39845    0.036606
        2900     1.12437     1.39373   0.0362784
        2950     1.42336     1.39423   0.0356618
        3000     1.18345     1.39072   0.0352379
        3050     1.47958     1.39217    0.034686
        3100     1.32511     1.39109   0.0341391
        3150     1.18123     1.38776   0.0337576
        3200     1.23736     1.38541    0.033309
        3250     1.35548     1.38495   0.0327958
        3300     1.19511     1.38207   0.0324229
        3350     1.19967     1.37935   0.0320511
        3400     1.25591     1.37754   0.0316284
        3450      1.2374      1.3755   0.0312328
        3500     1.16751     1.37253   0.0309264
        3550     1.45707     1.37372   0.0305109
        3600     1.87284     1.38066   0.0308725
        3650     1.56146     1.38313   0.0305473
        3700     1.46753     1.38427   0.0301532
        3750     1.63732     1.38765   0.0299392
        3800     1.42785     1.38818   0.0295473
        3850     1.53031     1.39002   0.0292195
        3900     2.51317     1.40442    0.032237
        3950     2.00292       1.412   0.0327156
        4000     2.15878     1.42133   0.0336258
        4050     1.87256      1.4269   0.0336721
        4100     1.59777     1.42899   0.0333241
        4150     1.33011      1.4278   0.0329417
        4200     1.25621     1.42575   0.0326112
        4250     1.96716     1.43212   0.0328487
        4300     1.84553     1.43693   0.0328185
        4350     1.76976     1.44075   0.0326639
        4400      1.8317      1.4452   0.0325947
        4450     1.38215     1.44449   0.0322342
        4500     1.63182     1.44657   0.0319419
        4550      1.2201     1.44408   0.0316868
        4600      1.2476     1.44195   0.0314132
        4650     1.39485     1.44144   0.0310777
        4700     1.34466     1.44041   0.0307626
        4750     1.53347     1.44139   0.0304528
        4800     1.28531     1.43976   0.0301777
        4850     2.15951     1.44718    0.030773
        4900     1.40194     1.44672   0.0304608
        4950     1.24954     1.44473   0.0302173
        5000     1.31575     1.44344   0.0299414
        5050    0.901593     1.43808    0.030125
        5100    0.817854       1.432   0.0304417
        5150     1.49323     1.43259   0.0301505
        5200     1.69489     1.43511   0.0299655
        5250      1.7953     1.43854   0.0298764
        5300     2.02742      1.4441   0.0301101
        5350     1.83243     1.44773   0.0300474
        5400     1.73042     1.45034   0.0298827
        5450     1.49301     1.45074   0.0296099
        5500     1.00817     1.44671    0.029614
        5550      1.2459      1.4449   0.0294017
        5600     1.29224     1.44354   0.0291699
        5650       1.284     1.44213   0.0289451
        5700     1.30028     1.44088    0.028717
        5750     1.94778     1.44529   0.0288054
        5800     1.54545     1.44616   0.0285691
        5850     1.51411     1.44674   0.0283298
        5900     1.71921     1.44905   0.0281835
        5950     1.39371     1.44858   0.0279495
        6000     1.48849     1.44891   0.0277176
        6050     1.36845     1.44825   0.0274956
        6100     1.42677     1.44807   0.0272699
        6150     1.47642      1.4483   0.0270482
        6200     1.41083       1.448   0.0268309
        6250     1.63526      1.4495   0.0266575
        6300     1.03167     1.44618   0.0266522
        6350     1.41245     1.44592   0.0264429
        6400      1.5132     1.44644   0.0262407
        6450     1.37035     1.44585   0.0260432
        6500     1.32833     1.44495   0.0258579
        6550      1.6702     1.44667   0.0257173
        6600     1.58993     1.44775   0.0255448
        6650     1.05578     1.44481   0.0255227
        6700     1.41836     1.44461   0.0253323
        6750      1.4905     1.44495   0.0251463
        6800     1.62382     1.44626   0.0249953
        6850     1.51216     1.44674   0.0248169
        6900     1.05486      1.4439   0.0247995
        6950     1.73461       1.446   0.0247091
        7000     1.45073     1.44603    0.024532
        7050     1.13099      1.4438   0.0244596
        7100     1.28602     1.44268   0.0243122
        7150     1.68813      1.4444   0.0242025
        7200     1.39331     1.44405   0.0240365
        7250     1.46879     1.44422   0.0238707
        7300     1.32861     1.44343   0.0237199
        7350     1.31672     1.44256   0.0235737
        7400    0.686701     1.43746   0.0239645
        7450     1.20928     1.43592   0.0238523
        7500    0.644456     1.43065   0.0242732
        7550     1.02421     1.42796   0.0242617
        7600     1.34896     1.42744   0.0241071
        7650    0.939813     1.42425   0.0241602
        7700    0.985601      1.4214   0.0241712
        7750     1.27683     1.42047   0.0240328
        7800       1.453     1.42068   0.0238792
        7850     1.22639     1.41944   0.0237589
        7900     2.05705     1.42348   0.0239504
        7950     2.02914     1.42728   0.0241022
        8000     1.61855     1.42848   0.0239809
        8050      2.0358     1.43225   0.0241282
        8100     1.43117     1.43225   0.0239788
        8150     1.67008      1.4337   0.0238759
        8200     1.00115     1.43107    0.023876
        8250     1.44926     1.43118   0.0237311
        8300     1.48706     1.43151   0.0235901
        8350     1.57564     1.43238   0.0234643
        8400     1.24698     1.43127   0.0233503
        8450     1.29495     1.43047   0.0232257
        8500     1.59614     1.43144   0.0231093
        8550     1.16721      1.4299   0.0230256
        8600     1.33329     1.42933   0.0228983
        8650     1.78213     1.43137   0.0228567
        8700     1.19929     1.43004    0.022764
        8750     1.27394     1.42915   0.0226512
        8800      1.4299     1.42915   0.0225221
        8850      1.1234     1.42742    0.022461
        8900      1.3159      1.4268   0.0223433
        8950     1.62764     1.42792   0.0222464
        9000     1.25588     1.42696   0.0221431
        9050       1.508     1.42741    0.022025
        9100     1.27566     1.42658   0.0219195
        9150     1.47323     1.42683   0.0218009
        9200     1.14485      1.4253   0.0217361
        9250     1.72545     1.42692   0.0216791
        9300     1.40632     1.42681   0.0215625
        9350     1.45705     1.42697   0.0214475
        9400     1.57518     1.42776   0.0213477
        9450     1.11591     1.42611   0.0212985
        9500     1.51188     1.42656   0.0211909
        9550     1.50728     1.42699   0.0210839
        9600     1.68635     1.42834   0.0210172
        9650     1.82171     1.43038   0.0210072
        9700     1.50028     1.43074   0.0209017
        9750     1.17453     1.42942   0.0208357
        9800     1.23717     1.42844   0.0207523
        9850     1.58327     1.42923   0.0206617
        9900      1.5007     1.42959   0.0205602
        9950     1.43048     1.42959   0.0204566
       10000     1.50473     1.42997   0.0203576
       10050     1.03824     1.42802   0.0203496
       10100     1.03174     1.42606   0.0203434
       10150    0.909355     1.42351   0.0204023
       10200     1.16082     1.42222   0.0203429
       10250     1.69117     1.42354   0.0202859
       10300     1.56453     1.42422   0.0201987
       10350     1.28591     1.42355    0.020112
       10400     1.17069     1.42234    0.020052
       10450     1.03426     1.42048    0.020042
       10500     1.46489     1.42069   0.0199475
       10550      1.4476     1.42082   0.0198531
       10600     1.14211      1.4195   0.0198029
       10650     1.26874      1.4188   0.0197224
       10700     1.34081     1.41843   0.0196335
       10750     1.67066     1.41961   0.0195771
       10800     1.91263     1.42189   0.0196195
       10850     1.57958     1.42261   0.0195424
       10900     1.52295     1.42307    0.019458
       10950     1.73439      1.4245    0.019421
       11000     1.52161     1.42494   0.0193376
       11050      1.5369     1.42544   0.0192565
       11100     1.34233     1.42507   0.0191733
       11150     1.64553     1.42606   0.0191127
       11200     1.30258     1.42551   0.0190351
       11250     1.77202     1.42705   0.0190128
       11300     1.80271     1.42871   0.0190014
       11350     1.45551     1.42883   0.0189178
       11400     1.89559     1.43088   0.0189456
       11450     1.57274     1.43149   0.0188729
       11500     1.53638     1.43195   0.0187962
       11550     1.36119     1.43164   0.0187171
       11600     1.38271     1.43143   0.0186375
       11650     1.63654     1.43231   0.0185782
       11700      1.4379     1.43234   0.0184986
       11750     1.52127     1.43272   0.0184236
       11800      1.3938     1.43255   0.0183461
       11850     1.44403      1.4326   0.0182686
       11900     1.46891     1.43275   0.0181923
       11950    0.894695      1.4305   0.0182554
       12000     1.16291     1.42939   0.0182133
       12050     1.42676     1.42937   0.0181376
       12100     1.22297     1.42852   0.0180826
       12150     1.20386      1.4276   0.0180318
       12200      1.5513      1.4281   0.0179649
       12250     1.66583     1.42907   0.0179177
       12300     2.01208     1.43144   0.0180014
       12350     1.90059     1.43334   0.0180287
       12400     2.00361     1.43564   0.0181025
       12450     1.24316     1.43487   0.0180462
       12500     0.96034     1.43297   0.0180738
       12550     1.28306     1.43238   0.0180116
       12600     1.50522     1.43266   0.0179423
       12650     1.05925     1.43119   0.0179321
       12700     1.04346     1.42966   0.0179265
       12750     1.22146     1.42885   0.0178747
       12800     1.14497     1.42774   0.0178392
       12850     0.82368     1.42539   0.0179244
       12900     1.28625     1.42485    0.017863
       12950     1.56354     1.42538   0.0178019
       13000    0.809941     1.42302   0.0178906
       13050     1.08361     1.42171   0.0178693
       13100     1.41967     1.42171    0.017801
       13150     1.60992     1.42242   0.0177476
       13200     1.26421     1.42182   0.0176904
       13250      1.5075     1.42215   0.0176265
       13300      1.2011     1.42132   0.0175797
       13350     1.06865     1.41999   0.0175635
       13400    0.723412      1.4174   0.0176899
       13450     1.54341     1.41786   0.0176302
       13500     1.19941     1.41705   0.0175834
       13550      1.4493     1.41717   0.0175188
       13600     1.28235     1.41668   0.0174613
       13650     1.34574     1.41642   0.0173992
       13700     1.30266       1.416   0.0173405
       13750     1.67339     1.41694   0.0173027
       13800     1.55777     1.41745   0.0172474
       13850     1.54756     1.41792   0.0171915
       13900     1.81316     1.41934   0.0171884
       13950      1.2547     1.41875   0.0171369
       14000     1.45647     1.41889   0.0170761
       14050     1.64096     1.41968   0.0170336
       14100     1.82838     1.42113   0.0170348
       14150     1.14828     1.42016   0.0170019
       14200     1.24958     1.41956   0.0169525
       14250     1.23301     1.41891   0.0169056
       14300      1.0913     1.41776   0.0168853
       14350     1.25431     1.41719    0.016836
       14400     1.14081     1.41623   0.0168049
       14450     1.01568     1.41485   0.0168039
       14500     1.11655     1.41382   0.0167774
       14550     1.50681     1.41414   0.0167227
       14600      1.3448      1.4139    0.016667
       14650    0.936171     1.41227   0.0166899
       14700     1.00262     1.41087   0.0166913
       14750     1.37933     1.41077   0.0166349
       14800     1.59319     1.41138   0.0165901
       14850     1.31096     1.41105   0.0165376
       14900     1.79272     1.41233   0.0165317
       14950     1.46765     1.41251   0.0164774
       15000     1.63918     1.41327   0.0164397
       15050     1.64611     1.41404   0.0164032
       15100     1.14328     1.41314   0.0163734
       15150     1.28979     1.41274   0.0163244
       15200     1.48549     1.41298   0.0162723
       15250     1.22725     1.41237   0.0162303
       15300     1.18627     1.41163   0.0161941
       15350     1.51319     1.41196   0.0161446
       15400     1.81019     1.41325    0.016144
       15450     1.66476     1.41407   0.0161122
       15500      1.3608     1.41389   0.0160611
       15550     1.46291     1.41405   0.0160101
       15600      1.3164     1.41374   0.0159618
       15650     1.48016     1.41395   0.0159121
       15700     1.52042     1.41429    0.015865
       15750     1.83978     1.41564   0.0158721
       15800     1.40021     1.41559   0.0158219
       15850     1.18816     1.41488   0.0157882
       15900     1.00575     1.41359    0.015791
       15950     1.27273     1.41315   0.0157476
       16000     1.67339     1.41396   0.0157194
       16050     1.54061     1.41435   0.0156753
       16100     1.65418      1.4151   0.0156443
       16150     1.39926     1.41505   0.0155958
       16200     1.49089     1.41528   0.0155494
       16250     2.01671     1.41714   0.0156115
       16300     1.43896      1.4172   0.0155637
       16350     1.12495     1.41631   0.0155418
       16400     1.25904     1.41583   0.0155017
       16450     1.37569     1.41571    0.015455
       16500     1.54334     1.41609    0.015413
       16550     1.19681     1.41543   0.0153806
       16600     1.48593     1.41564   0.0153357
       16650     1.86687       1.417   0.0153495
       16700     1.14414     1.41618   0.0153252
       16750     1.64685     1.41687   0.0152949
       16800     1.78698     1.41797   0.0152891
       16850      1.1876     1.41729    0.015259
       16900     1.11257     1.41639   0.0152404
       16950     1.77118     1.41743   0.0152314
       17000     1.24473     1.41693    0.015195
       17050     1.43438     1.41698   0.0151505
       17100     1.46606     1.41712   0.0151068
       17150     1.37716       1.417   0.0150632
       17200     1.52433     1.41732   0.0150226
       17250     1.65856     1.41801   0.0149953
       17300     1.63435     1.41864   0.0149649
       17350     1.75645     1.41961   0.0149535
       17400     1.36116     1.41945   0.0149114
       17450     1.91651     1.42087   0.0149366
       17500     1.14665     1.42009   0.0149145
       17550    0.992676     1.41887   0.0149217
       17600     1.23465     1.41835   0.0148885
       17650     1.25927     1.41789   0.0148531
       17700     1.41686     1.41789   0.0148111
       17750     1.40734     1.41786   0.0147693
       17800      1.0544     1.41684   0.0147631
       17850     1.05793     1.41584    0.014756
       17900     1.54529      1.4162   0.0147191
       17950     1.30736     1.41589   0.0146812
       18000     1.76825     1.41687   0.0146731
       18050     1.61701     1.41743   0.0146429
       18100     1.96296     1.41893   0.0146799
       18150     1.25592     1.41849   0.0146463
       18200     1.77354     1.41946   0.0146385
       18250     1.79832      1.4205   0.0146352
       18300     1.59228     1.42097   0.0146027
       18350     1.39194     1.42089   0.0145631
       18400      1.4653     1.42101    0.014524
       18450     0.79209     1.41931   0.0145845
       18500     1.25538     1.41886   0.0145518
       18550     1.26037     1.41843   0.0145188
       18600     1.68399     1.41915   0.0144973
       18650     1.18958     1.41853   0.0144715
       18700     1.06395     1.41759   0.0144638
       18750     1.65011     1.41821   0.0144385
       18800     1.58086     1.41864   0.0144066
       18850     1.77096     1.41957   0.0143987
       18900     1.25347     1.41913   0.0143672
       18950     1.13858     1.41839   0.0143484
       19000     1.33538     1.41817   0.0143123
       19050     1.41856     1.41818   0.0142746
       19100     1.44057     1.41823   0.0142373
       19150     1.74195     1.41908   0.0142253
       19200     1.41106     1.41906   0.0141882
       19250     1.87394     1.42024   0.0142005
       19300     1.31695     1.41997   0.0141662
       19350     1.58817     1.42041   0.0141362
       19400     1.45895     1.42051   0.0141001
       19450     1.47009     1.42063   0.0140644
       19500     1.72788     1.42142   0.0140504
       19550     1.68971     1.42211   0.0140312
       19600     1.70581     1.42283    0.014014
       19650     1.01389     1.42179    0.014017
       19700     1.40381     1.42174   0.0139815
       19750       1.445      1.4218   0.0139462
       19800     1.14554     1.42111   0.0139284
       19850     1.23763     1.42064   0.0139009
       19900     1.01064     1.41961   0.0139042
       19950    0.951885     1.41844   0.0139187
       20000     1.47447     1.41858   0.0138846
       20050     1.57329     1.41897   0.0138553
       20100     1.12256     1.41823   0.0138405
       20150     1.40177     1.41819   0.0138061
       20200     2.05292     1.41976   0.0138612
       20250     1.51809        1.42   0.0138291
       20300     1.37668      1.4199   0.0137954
       20350     1.30496     1.41961   0.0137644
       20400     1.40622     1.41958   0.0137306
       20450     1.50479     1.41979   0.0136986
       20500      1.3913     1.41972   0.0136653
       20550     2.30511     1.42187   0.0138012
       20600     1.97095     1.42321    0.013832
       20650     1.26246     1.42282    0.013804
       20700     1.44903     1.42288   0.0137707
       20750     1.24871     1.42246   0.0137439
       20800     1.00359     1.42145   0.0137478
       20850     1.20962     1.42095   0.0137242
       20900     1.25485     1.42055   0.0136971
       20950     1.62168     1.42103   0.0136728
       21000     1.11875     1.42031   0.0136591
       21050     1.63185     1.42081   0.0136359
       21100     1.95984     1.42209   0.0136634
       21150     1.59756      1.4225   0.0136374
       21200     1.80601     1.42341   0.0136352
       21250      1.3331      1.4232   0.0136047
       21300     1.36767     1.42307   0.0135734
       21350     1.35666     1.42291   0.0135425
       21400     1.72395     1.42361   0.0135291
       21450     1.54242     1.42389   0.0135003
       21500     1.12481      1.4232   0.0134869
       21550     1.25466      1.4228   0.0134612
       21600      1.4294     1.42282     0.01343
       21650     1.42024     1.42281    0.013399
       21700     1.58548     1.42319   0.0133733
       21750     1.88785     1.42426   0.0133852
       21800     1.77742     1.42507    0.013379
       21850     1.07323     1.42426   0.0133726
       21900     1.39603      1.4242   0.0133422
       21950    0.750986     1.42266   0.0133998
       22000     1.38522     1.42258   0.0133696
       22050     1.14164     1.42194   0.0133545
       22100     1.02674     1.42105   0.0133542
       22150     1.14352     1.42042   0.0133387
       22200     1.15786     1.41983   0.0133218
       22250     1.05787     1.41902   0.0133167
       22300     1.15998     1.41843   0.0132995
       22350     1.02545     1.41756   0.0132988
       22400     1.01091     1.41665   0.0133001
       22450    0.962903     1.41564   0.0133089
       22500      1.6376     1.41613   0.0132884
       22550     1.63162     1.41661   0.0132675
       22600     1.34713     1.41645    0.013239
       22650     1.44651     1.41652   0.0132099
       22700     1.51731     1.41674   0.0131827
       22750     1.87024     1.41774   0.0131914
       22800      1.2572     1.41739   0.0131671
       22850     1.68844     1.41798   0.0131517
       22900     1.76039     1.41873   0.0131442
       22950     1.76309     1.41948    0.013137
       23000     1.85622     1.42043   0.0131427
       23050     1.38348     1.42035   0.0131144
       23100     1.84263     1.42126   0.0131179
       23150     1.97409     1.42246   0.0131439
       23200     1.43788     1.42249   0.0131155
       23250     1.89854     1.42351   0.0131273
       23300     1.60105     1.42389   0.0131046
       23350    0.782707     1.42252   0.0131484
       23400     1.31599     1.42229   0.0131223
       23450    0.974464     1.42134    0.013129
       23500     1.13756     1.42073    0.013115
       23550     1.40219      1.4207   0.0130872
       23600     1.26286     1.42036   0.0130637
       23650     1.33429     1.42018   0.0130373
       23700     1.00802     1.41931   0.0130388
       23750      1.5179     1.41952    0.013013
       23800     1.29722     1.41926   0.0129881
       23850     1.20174      1.4188   0.0129689
       23900     1.55839      1.4191    0.012945
       23950     1.43042     1.41912    0.012918
       24000     1.81594     1.41995   0.0129176
       24050     1.30992     1.41972   0.0128927
       24100     1.18923     1.41924   0.0128748
       24150     1.24825     1.41889    0.012853
       24200     1.64474     1.41935   0.0128349
       24250     1.27022     1.41904   0.0128121
       24300     1.37252     1.41895   0.0127861
       24350     2.02083     1.42019   0.0128195
       24400     1.36516     1.42007   0.0127937
       24450     1.56059     1.42036   0.0127707
       24500     1.56819     1.42066   0.0127482
       24550     1.25139     1.42032   0.0127269
       24600     1.27145     1.42001   0.0127046
       24650     1.20559     1.41958   0.0126863
       24700     1.25357     1.41924    0.012665
       24750     1.65034     1.41971    0.012648
       24800     1.00114     1.41887   0.0126507
       24850     0.97647     1.41798   0.0126565
       24900     1.30532     1.41775   0.0126331
       24950     1.50256     1.41792   0.0126089
       25000     1.50219     1.41809   0.0125848
       25050     1.57714     1.41841   0.0125637
       25100     1.31342      1.4182   0.0125404
       25150     1.00969     1.41738   0.0125417
       25200     1.27198      1.4171   0.0125202
       25250     1.30063     1.41687   0.0124975
       25300     1.70059     1.41743   0.0124853
       25350     1.74118     1.41806   0.0124771
       25400     1.65664     1.41853   0.0124613
       25450     1.54475     1.41878   0.0124393
       25500     1.86569     1.41966   0.0124458
       25550      1.6152     1.42004   0.0124273
       25600     1.33217     1.41987   0.0124042
       25650     1.90282     1.42081   0.0124157
       25700     1.44456     1.42086   0.0123916
       25750     1.39715     1.42081   0.0123676
       25800     1.14473     1.42028   0.0123552
       25850     1.05041     1.41956    0.012352
       25900     1.37366     1.41947   0.0123285
       25950     1.18172     1.41901   0.0123132
       26000     1.73159     1.41962   0.0123042
       26050     1.76569     1.42028   0.0122985
       26100     1.79489       1.421   0.0122959
       26150     1.35723     1.42087    0.012273
       26200     1.66993     1.42135   0.0122587
       26250     1.84097     1.42215   0.0122615
       26300     1.36263     1.42204   0.0122386
       26350     1.43809     1.42207   0.0122154
       26400     1.40393     1.42203   0.0121923
       26450     1.20995     1.42163   0.0121759
       26500    0.980921      1.4208   0.0121813
       26550    0.940103     1.41989    0.012192
       26600     1.19812     1.41948   0.0121762
       26650      1.2619     1.41918   0.0121569
       26700     1.34403     1.41904   0.0121349
       26750     1.44307     1.41909   0.0121123
       26800     1.32574     1.41891   0.0120909
       26850     1.42572     1.41892   0.0120684
       26900     1.44305     1.41897    0.012046
       26950     1.05351     1.41829   0.0120428
       27000    0.927341     1.41738   0.0120548
       27050     1.41032     1.41737   0.0120325
       27100     1.63372     1.41777   0.0120169
       27150     1.36828     1.41768   0.0119951
       27200     1.13343     1.41716   0.0119844
       27250     1.33297       1.417   0.0119634
       27300     1.35042     1.41688   0.0119421
       27350     1.15626      1.4164   0.0119298
       27400     1.00508     1.41565   0.0119316
       27450     1.32162     1.41548   0.0119111
       27500     1.45379     1.41555   0.0118896
       27550     1.33666     1.41541   0.0118689
       27600     1.14058     1.41491   0.0118578
       27650      1.3684     1.41482   0.0118367
       27700     1.22855     1.41449   0.0118201
       27750     1.40644     1.41447   0.0117987
       27800     1.46498     1.41456   0.0117779
       27850      1.6747     1.41503    0.011766
       27900     1.77155     1.41567   0.0117622
       27950     1.75095     1.41627   0.0117565
       28000     1.19838     1.41588   0.0117419
       28050     1.45533     1.41595   0.0117212
       28100     1.57009     1.41623   0.0117035
       28150     1.32026     1.41606    0.011684
       28200     1.27069      1.4158   0.0116661
       28250     1.11182     1.41526   0.0116578
       28300     1.19573     1.41487   0.0116437
       28350     1.54577      1.4151   0.0116254
       28400     1.41698     1.41511   0.0116049
       28450     1.43838     1.41515   0.0115846
       28500     1.37027     1.41507   0.0115645
       28550     1.35722     1.41497   0.0115447
       28600     1.32593     1.41481   0.0115255
       28650     1.36649     1.41473   0.0115057
       28700    0.985631     1.41398   0.0115099
       28750     1.36812      1.4139   0.0114902
       28800     1.57169     1.41417   0.0114735
       28850     1.61777     1.41453    0.011459
       28900      1.3072     1.41434   0.0114407
       28950     1.36829     1.41426   0.0114212
       29000     1.62672     1.41463   0.0114074
       29050     1.91532     1.41549   0.0114203
       29100     1.52168     1.41567   0.0114021
       29150     1.66651      1.4161   0.0113907
       29200     1.46912     1.41619   0.0113715
       29250     1.44475     1.41624   0.0113521
       29300     1.61603     1.41658   0.0113379
       29350     1.79916     1.41723   0.0113373
       29400     1.66065     1.41765   0.0113256
       29450     1.05841     1.41704   0.0113228
       29500     1.11632     1.41653    0.011315
       29550     1.58751     1.41682   0.0112996
       29600       1.582      1.4171   0.0112839
       29650     1.24325      1.4168   0.0112687
       29700     1.47537      1.4169   0.0112501
       29750     1.55943     1.41714   0.0112338
       29800       1.322     1.41698    0.011216
       29850     1.38178     1.41692   0.0111974
       29900      1.4057      1.4169   0.0111787
       29950     1.68873     1.41736   0.0111692
       30000       1.277     1.41712    0.011153
       30050     1.55823     1.41736   0.0111369
       30100     1.59804     1.41766   0.0111225
       30150     1.77023     1.41824   0.0111194
       30200     1.35325     1.41814   0.0111015
       30250      1.5665     1.41838   0.0110858
       30300     1.69791     1.41884   0.0110771
       30350     1.37672     1.41877   0.0110591
       30400      1.4909     1.41889   0.0110415
       30450     1.46725     1.41897   0.0110237
       30500      1.7994      1.4196   0.0110232
       30550     1.94847     1.42046   0.0110392
       30600     1.66029     1.42085   0.0110281
       30650        1.82      1.4215   0.0110293
       30700     1.45096     1.42155   0.0110114
       30750     1.58962     1.42183   0.0109969
       30800     1.47828     1.42192   0.0109794
       30850     1.51096     1.42206   0.0109626
       30900     1.75491      1.4226   0.0109581
       30950     2.09987     1.42369   0.0109949
       31000     2.28614     1.42509    0.011065
       31050     2.04095     1.42608   0.0110916
       31100     2.00181       1.427   0.0111123
       31150     1.50903     1.42713   0.0110953
       31200     1.55506     1.42734   0.0110794
       31250     0.90826     1.42651   0.0110928
       31300      1.2583     1.42624   0.0110783
       31350    0.916393     1.42543   0.0110904
       31400      1.2347     1.42512   0.0110769
       31450     1.11622     1.42463   0.0110702
       31500     1.06531     1.42406   0.0110673
       31550     1.22186     1.42374   0.0110544
       31600      1.4442     1.42377    0.011037
       31650      1.7406     1.42427   0.0110309
       31700     1.45995     1.42433   0.0110136
       31750     1.41931     1.42432   0.0109963
       31800     1.35313     1.42421   0.0109795
       31850     1.33695     1.42407   0.0109631
       31900     1.31039      1.4239   0.0109474
       31950     1.08334     1.42336   0.0109432
       32000     1.73016     1.42384   0.0109366
       32050      1.7547     1.42436   0.0109317
       32100     1.59668     1.42463    0.010918
       32150     1.94437     1.42543   0.0109309
       32200     1.18696     1.42506   0.0109202
       32250     1.30901     1.42488   0.0109048
       32300     1.34906     1.42477   0.0108885
       32350     1.26474     1.42452   0.0108745
       32400      1.5124     1.42466   0.0108585
       32450     1.66799     1.42503   0.0108483
       32500     1.54367     1.42521   0.0108331
       32550     1.51997     1.42536   0.0108174
       32600     1.32402      1.4252   0.0108019
       32650     1.34002     1.42507   0.0107862
       32700     1.44851     1.42511   0.0107697
       32750     1.13121     1.42466   0.0107626
       32800     1.54949     1.42485   0.0107479
       32850     1.32095     1.42469   0.0107327
       32900      1.7828     1.42524   0.0107302
       32950     1.59481     1.42549    0.010717
       33000     1.16558      1.4251    0.010708
       33050     1.25382     1.42484   0.0106949
       33100     1.44364     1.42487   0.0106788
       33150    0.957583     1.42416   0.0106859
       33200     1.28713     1.42396   0.0106718
       33250     1.61909     1.42425   0.0106598
       33300     1.75875     1.42475   0.0106556
       33350     1.38572     1.42469   0.0106398
       33400      1.7427     1.42517   0.0106345
       33450      2.0006     1.42603   0.0106534
       33500     1.80032     1.42659   0.0106521
       33550     1.99738     1.42744   0.0106702
       33600     1.49212     1.42754   0.0106547
       33650     1.32948     1.42739   0.0106399
       33700     1.51386     1.42752   0.0106249
       33750     1.09357     1.42702   0.0106206
       33800     1.31786     1.42686   0.0106062
       33850     1.38275      1.4268   0.0105907
       33900    0.971886     1.42613   0.0105963
       33950     1.28779     1.42592   0.0105827
       34000     1.42575     1.42592   0.0105671
       34050      1.3296     1.42578   0.0105525
       34100     1.44372     1.42581    0.010537
       34150     1.34954      1.4257   0.0105222
       34200     1.48455     1.42578   0.0105072
       34250     1.48475     1.42587   0.0104922
       34300     1.27429     1.42565   0.0104792
       34350     1.36495     1.42556   0.0104643
       34400     1.38104     1.42549   0.0104493
       34450     1.36741     1.42541   0.0104344
       34500     1.09352     1.42493   0.0104304
       34550     1.10117     1.42446   0.0104258
       34600    0.938533     1.42376   0.0104344
       34650     1.26736     1.42353   0.0104218
       34700     1.52557     1.42368   0.0104078
       34750       1.349     1.42357   0.0103934
       34800     1.32485     1.42343   0.0103794
       34850     1.52656     1.42358   0.0103655
       34900     1.45299     1.42362   0.0103508
       34950     1.25334     1.42338   0.0103388
       35000     1.58812     1.42361   0.0103267
       35050     1.27495      1.4234   0.0103142
       35100     1.33926     1.42328   0.0103002
       35150     1.42323     1.42328   0.0102855
       35200     1.55196     1.42346   0.0102725
       35250     1.75228     1.42393   0.0102685
       35300     1.82881      1.4245     0.01027
       35350     1.71176     1.42491   0.0102635
       35400     1.61468     1.42518   0.0102525
       35450     1.49751     1.42528   0.0102385
       35500     1.51383      1.4254   0.0102249
       35550     1.21544     1.42511   0.0102147
       35600     1.07634     1.42462   0.0102121
       35650     1.23863     1.42436   0.0102011
       35700     1.24142      1.4241   0.0101901
       35750     1.53222     1.42425   0.0101769
       35800     1.44831     1.42429   0.0101628
       35850     1.73581     1.42472   0.0101579
       35900     1.23328     1.42445   0.0101472
       35950     1.49116     1.42455   0.0101335
       36000     1.53569      1.4247   0.0101206
       36050     1.47221     1.42477   0.0101068
       36100     1.15336     1.42439   0.0100998
       36150     1.26666     1.42417   0.0100881
       36200     1.13302     1.42377   0.0100822
       36250      1.4831     1.42385   0.0100686
       36300      1.1697      1.4235   0.0100609
       36350     1.43117     1.42351    0.010047
       36400     1.44551     1.42354   0.0100333
       36450     1.39713     1.42351   0.0100195
       36500     0.96121     1.42287   0.0100258
       36550      0.9692     1.42225   0.0100313
       36600     1.36766     1.42218   0.0100179
       36650     1.40853     1.42216   0.0100042
       36700     1.04185     1.42164    0.010004
       36750     1.05591     1.42114   0.0100028
       36800      1.2178     1.42087    0.009993
       36850     1.03994     1.42035  0.00999281
       36900     1.72486     1.42076  0.00998778
       36950     1.56611     1.42096   0.0099762
       37000     1.57695     1.42117  0.00996494
       37050     1.75081     1.42162  0.00996142
       37100    0.772175     1.42074  0.00998642
       37150     1.54726     1.42091  0.00997442
       37200     1.81184     1.42144  0.00997485
       37250     1.59546     1.42167  0.00996419
       37300     1.25327     1.42144  0.00995339
       37350     1.12694     1.42105  0.00994787
       37400     1.34573     1.42095  0.00993507
       37450     1.45766       1.421  0.00992192
       37500     1.24864     1.42077  0.00991134
       37550      1.5967       1.421  0.00990091
       37600     1.09845     1.42057  0.00989703
       37650    0.984513     1.41999  0.00990083
       37700      1.3327     1.41988  0.00988837
       37750     1.39334     1.41984  0.00987533
       37800     1.31901     1.41971  0.00986316
       37850     1.21085     1.41943  0.00985398
       37900     1.22159     1.41917  0.00984444
       37950     1.56424     1.41936  0.00983331
       38000     1.30776     1.41922  0.00982147
       38050     1.08571     1.41878  0.00981834
       38100     1.60831     1.41903   0.0098086
       38150     1.42935     1.41904  0.00979574
       38200     1.20418     1.41876  0.00978695
       38250     1.52524      1.4189  0.00977514
       38300     1.45303     1.41894  0.00976248
       38350     1.65703     1.41925  0.00975468
       38400     1.44166     1.41928  0.00974201
       38450     1.51839     1.41941  0.00973019
       38500      1.6583     1.41972   0.0097225
       38550     1.48971     1.41981   0.0097103
       38600     1.28727     1.41964  0.00969924
       38650     0.91643     1.41899  0.00970853
       38700     1.41374     1.41898  0.00969598
       38750     1.72937     1.41938  0.00969174
       38800     1.53709     1.41954  0.00968043
       38850     1.55025      1.4197  0.00966943
       38900     1.23761     1.41947  0.00965983
       38950      1.2034     1.41919  0.00965141
       39000     1.87677     1.41978  0.00965686
       39050      1.3078     1.41964  0.00964555
       39100     1.39705     1.41961  0.00963325
       39150     1.37668     1.41955   0.0096211
       39200     1.28227     1.41938  0.00961041
       39250     1.22147     1.41913  0.00960147
       39300     1.22756     1.41888  0.00959235
       39350     1.20749     1.41861  0.00958392
       39400     1.25504     1.41841    0.009574
       39450    0.926408     1.41778  0.00958217
       39500     1.46798     1.41785  0.00957024
       39550     1.54596     1.41801  0.00955951
       39600     1.33367      1.4179  0.00954802
       39650     1.49549       1.418  0.00953648
       39700     1.90894     1.41862  0.00954451
       39750     1.67617     1.41894    0.009538
       39800     1.44972     1.41898  0.00952608
       39850     1.09706     1.41858  0.00952269
       39900     1.04811     1.41811  0.00952208
       39950     1.48396     1.41819  0.00951051
       40000     1.58934     1.41841  0.00950102
       40050     1.32213     1.41829  0.00948992
       40100     1.39655     1.41826  0.00947811
       40150     1.30379     1.41812  0.00946738
       40200     1.65304     1.41841  0.00946011
       40250     1.52988     1.41855  0.00944936
       40300     1.05957      1.4181  0.00944814
       40350     1.36128     1.41803  0.00943668
       40400     1.36316     1.41797  0.00942524
       40450     1.21526     1.41771  0.00941692
       40500    0.983979     1.41718  0.00942052
       40550     1.13501     1.41683  0.00941532
       40600     1.03628     1.41636  0.00941539
       40650     1.50461     1.41647  0.00940443
       40700     1.78959     1.41693  0.00940405
       40750     1.16267     1.41662  0.00939768
       40800     1.47709     1.41669  0.00938645
       40850     1.67651     1.41701  0.00938035
       40900     1.40945       1.417  0.00936888
       40950     1.89183     1.41758  0.00937537
       41000     2.06102     1.41837  0.00939675
       41050     1.38862     1.41833  0.00938537
       41100     1.23232      1.4181  0.00937668
       41150     1.08574      1.4177  0.00937398
       41200     1.39392     1.41767  0.00936264
       41250     1.02987      1.4172  0.00936309
       41300     1.25198       1.417  0.00935389
       41350     1.17371     1.41671   0.0093472
       41400     1.30267     1.41657  0.00933692
       41450     1.70802     1.41692  0.00933228
       41500      1.6683     1.41722  0.00932595
       41550     1.47045     1.41729  0.00931494
       41600     1.49149     1.41738  0.00930416
       41650     1.44586     1.41741  0.00929305
       41700      1.3558     1.41734  0.00928219
       41750     1.84401     1.41785  0.00928514
       41800     1.63403     1.41811  0.00927763
       41850     1.30315     1.41797  0.00926756
       41900     1.08126     1.41757  0.00926521
       41950     1.58114     1.41776  0.00925621
       42000    0.978194     1.41724  0.00925999
       42050     1.13824     1.41691  0.00925492
       42100     1.39693     1.41688  0.00924395
       42150     1.85929     1.41741  0.00924788
       42200     1.71323     1.41776  0.00924356
       42250     1.50687     1.41786  0.00923322
       42300     1.49801     1.41796  0.00922279
       42350    0.949378      1.4174  0.00922849
       42400     1.48168     1.41748  0.00921791
       42450     1.62824     1.41773  0.00921039
       42500     1.64799       1.418  0.00920354
       42550     1.46393     1.41805  0.00919287
       42600     1.33217     1.41795  0.00918263
       42650     1.50411     1.41805  0.00917242
       42700     1.09825     1.41768  0.00916932
       42750    0.915743     1.41709  0.00917739
       42800     1.52209     1.41722  0.00916748
       42850     1.41727     1.41722  0.00915678
       42900    0.993096     1.41672  0.00915944
       42950     1.91444      1.4173  0.00916711
       43000     1.75768      1.4177  0.00916499
       43050      1.7301     1.41806  0.00916153
       43100     1.71707     1.41841  0.00915746
       43150     1.72921     1.41877  0.00915393
       43200     1.16609     1.41847  0.00914801
       43250     1.77229     1.41888  0.00914658
       43300     1.48522     1.41896  0.00913633
       43350     1.40731     1.41895   0.0091258
       43400      1.4526     1.41898  0.00911536
       43450     1.71556     1.41933  0.00911126
       43500     1.71369     1.41966  0.00910707
       43550      1.2019     1.41941  0.00910004
       43600     1.25032     1.41922  0.00909167
       43650     1.22087     1.41899  0.00908409
       43700     1.65559     1.41926  0.00907773
       43750      1.1145     1.41892  0.00907403
       43800     1.10402     1.41856  0.00907079
       43850     1.29403     1.41841  0.00906156
       43900    0.966252      1.4179  0.00906587
       43950     1.69539     1.41821  0.00906105
       44000     1.82288     1.41867  0.00906242
       44050     1.71759     1.41901  0.00905849
       44100     1.39963     1.41899  0.00904824
       44150     1.33401      1.4189   0.0090385
       44200     1.97415     1.41952  0.00905009
       44250     1.69379     1.41983  0.00904517
       44300     1.48118      1.4199  0.00903522
       44350     1.48722     1.41998  0.00902535
       44400     1.66209     1.42025   0.0090193
       44450     1.49246     1.42033  0.00900951
       44500    0.596886     1.41941  0.00904682
       44550    0.760904     1.41867  0.00906683
       44600     1.07422     1.41828  0.00906489
       44650    0.708838     1.41749  0.00908952
       44700    0.984137       1.417  0.00909228
       44750     1.20408     1.41676  0.00908523
       44800     1.21373     1.41654  0.00907791
       44850     1.28159     1.41639  0.00906903
       44900     1.58297     1.41657  0.00906083
       44950     1.44507     1.41661   0.0090508
       45000      1.3879     1.41657  0.00904079
       45050     1.27218     1.41641  0.00903217
       45100     1.52691     1.41654  0.00902299
       45150     1.19048     1.41629  0.00901647
       45200     1.29662     1.41615  0.00900746
       45250     1.38818     1.41612  0.00899755
       45300     1.65492     1.41639  0.00899148
       45350     1.21604     1.41616  0.00898428
       45400    0.773286     1.41546  0.00900226
       45450     1.42051     1.41546  0.00899236
       45500     2.00573     1.41611  0.00900586
       45550       2.332     1.41712  0.00905197
       45600     1.59508     1.41731  0.00904415
       45650     1.59916     1.41751  0.00903643
       45700     1.34635     1.41743  0.00902687
       45750     1.15194     1.41714  0.00902167
       45800     1.77165     1.41753  0.00902012
       45850     1.89014     1.41804  0.00902501
       45900     1.77617     1.41843  0.00902361
       45950     1.21467     1.41821  0.00901651
       46000     1.29206     1.41808  0.00900775
       46050     1.04156     1.41767  0.00900725
       46100     1.36521     1.41761  0.00899765
       46150    0.656813     1.41679  0.00902561
       46200    0.978733     1.41631   0.0090283
       46250     1.26029     1.41614  0.00902011
       46300     1.23368     1.41595  0.00901252
       46350      1.3353     1.41586  0.00900321
       46400     1.45912     1.41591  0.00899362
       46450     1.05877     1.41552  0.00899216
       46500     1.11975      1.4152  0.00898811
       46550     1.50263      1.4153  0.00897894
       46600     1.63178     1.41553  0.00897231
       46650     1.67597     1.41581  0.00896704
       46700      1.4577     1.41585  0.00895754
       46750     1.52131     1.41597  0.00894867
       46800     1.26939     1.41581  0.00894047
       46850    0.931392     1.41529  0.00894588
       46900     1.14198       1.415  0.00894109
       46950     1.24402     1.41482  0.00893341
       47000     1.29132     1.41469  0.00892487
       47050     1.03466     1.41428  0.00892453
       47100     1.50392     1.41438  0.00891555
       47150     1.61586     1.41459  0.00890866
       47200     1.36977     1.41455  0.00889934
       47250     1.76268     1.41491  0.00889755
       47300     1.75709     1.41528   0.0088955
       47350     1.86963     1.41576  0.00889904
       47400     1.66043     1.41601  0.00889339
       47450       1.356     1.41595  0.00888424
       47500     1.16951     1.41569  0.00887868
       47550     1.21419     1.41548  0.00887187
       47600     1.19512     1.41525  0.00886556
       47650     1.23479     1.41506  0.00885828
       47700       1.646      1.4153   0.0088523
       47750     1.41609      1.4153  0.00884303
       47800     1.62376     1.41552  0.00883646
       47850     1.39457      1.4155  0.00882725
       47900     1.90502     1.41601  0.00883283
       47950     1.46933     1.41606  0.00882379
       48000     1.01204     1.41564  0.00882463
       48050     1.24766     1.41547  0.00881718
       48100    0.959127     1.41499  0.00882077
       48150    0.795449     1.41435  0.00883506
       48200     1.42844     1.41436   0.0088259
       48250     1.41655     1.41437  0.00881675
       48300     0.95176     1.41389  0.00882063
       48350     1.31236     1.41378  0.00881213
       48400     1.20554     1.41357  0.00880565
       48450     1.02322     1.41317  0.00880578
       48500    0.792815     1.41253  0.00881991
       48550    0.928272     1.41203  0.00882493
       48600     1.01217     1.41162  0.00882544
       48650    0.971305     1.41116  0.00882797
       48700     1.43466     1.41119  0.00881893
       48750     1.31606     1.41109  0.00881042
       48800     1.29384     1.41097  0.00880221
       48850     1.51444     1.41108  0.00879383
       48900     1.38873     1.41105  0.00878487
       48950     1.58947     1.41123  0.00877778
       49000     1.34243     1.41116   0.0087691
       49050     1.63966      1.4114  0.00876325
       49100     1.17048     1.41115  0.00875776
       49150     1.45142     1.41119  0.00874894
       49200     1.19648     1.41098  0.00874277
       49250     1.53183      1.4111  0.00873475
       49300     1.03786     1.41072   0.0087341
       49350     1.46391     1.41077  0.00872541
       49400     1.69696     1.41106  0.00872138
       49450     1.79568     1.41145  0.00872124
       49500     1.83371     1.41188  0.00872286
       49550     1.67056     1.41214  0.00871796
       49600      1.3338     1.41206  0.00870953
       49650     1.30218     1.41195  0.00870145
       49700     1.60513     1.41214  0.00869487
       49750     1.39105     1.41212  0.00868615
       49800      1.4183     1.41213  0.00867743
       49850     1.11909     1.41184   0.0086737
       49900    0.962727     1.41139  0.00867668
       49950     1.12367      1.4111  0.00867278
       50000     1.03487     1.41072  0.00867226
