   0.0128248           0           0
   0.0384745           0           0
   0.0641241           0           0
   0.0897737           0           0
    0.115423           0           0
    0.141073           0           0
    0.166723           0           0
    0.192372           0           0
    0.218022           0           0
    0.243672           0           0
    0.269321           0           0
    0.294971           0           0
     0.32062           0           0
     0.34627           0           0
     0.37192           0           0
    0.397569           0           0
    0.423219           0           0
    0.448869           0           0
    0.474518           0           0
    0.500168           0           0
    0.525818           0           0
    0.551467           0           0
    0.577117           0           0
    0.602767           0           0
    0.628416           0           0
    0.654066           0           0
    0.679715           0           0
    0.705365           0           0
    0.731015           0           0
    0.756664           0           0
    0.782314           0           0
    0.807964           0           0
    0.833613           0           0
    0.859263 1.16714e-05 4.54929e-06
    0.884913 0.000735476 3.95786e-05
    0.910562   0.0121698 0.000164627
    0.936212   0.0824139 0.000499396
    0.961861    0.283141 0.000999844
    0.987511    0.602421  0.00144269
     1.01316    0.933365   0.0015339
     1.03881     1.16945  0.00154831
     1.06446     1.27767  0.00142079
     1.09011     1.27592    0.001388
     1.11576      1.2032  0.00135959
     1.14141     1.09782  0.00135017
     1.16706    0.984311  0.00134456
     1.19271    0.876379  0.00118629
     1.21836    0.779669  0.00113984
     1.24401    0.693443  0.00104734
     1.26966    0.620259 0.000999726
     1.29531    0.562282 0.000890411
     1.32096    0.510237 0.000839992
     1.34661    0.469193 0.000789277
     1.37226    0.436108 0.000736349
     1.39791    0.409478 0.000707609
     1.42355    0.386215 0.000670648
      1.4492      0.3676 0.000645768
     1.47485    0.356583 0.000657246
      1.5005    0.345432 0.000647355
     1.52615     0.33974 0.000645306
      1.5518     0.33655 0.000631949
     1.57745    0.335604 0.000625506
      1.6031    0.337074 0.000620822
     1.62875    0.342057 0.000621497
      1.6544    0.351261   0.0006123
     1.68005    0.362137 0.000585095
      1.7057     0.37542 0.000578593
     1.73135    0.391302 0.000588889
       1.757    0.408778 0.000614725
     1.78265    0.427806  0.00063762
      1.8083    0.448943 0.000647735
     1.83395      0.4687 0.000661305
      1.8596    0.489877 0.000659078
     1.88525    0.510128 0.000636122
      1.9109    0.529697 0.000636425
     1.93655    0.548033  0.00061854
      1.9622    0.565384 0.000624513
     1.98785    0.580284 0.000584181
      2.0135    0.594072  0.00058483
     2.03915    0.601308 0.000585941
      2.0648    0.607167 0.000580915
     2.09045    0.607032 0.000582221
      2.1161     0.60344 0.000607337
     2.14174    0.596606 0.000602615
     2.16739    0.586399 0.000588991
     2.19304    0.574012 0.000600164
     2.21869    0.560704 0.000572314
     2.24434    0.546693  0.00055831
     2.26999    0.532206  0.00055511
     2.29564    0.518873 0.000541254
     2.32129    0.505874  0.00050606
     2.34694    0.492676 0.000509103
     2.37259    0.482773  0.00047297
     2.39824    0.473775 0.000490537
     2.42389     0.46563 0.000465777
     2.44954    0.458646 0.000456661
     2.47519    0.454761 0.000468639
     2.50084    0.447635 0.000466819
     2.52649    0.443488 0.000453745
     2.55214    0.443433 0.000449762
