          50    -5.49016    -5.49016           0
         100    -5.51454    -5.50235   0.0121897
         150    -5.46711     -5.4906   0.0136957
         200    -5.47618      -5.487   0.0103335
         250    -5.50456    -5.49051  0.00874062
         300    -5.44556    -5.48302   0.0103475
         350    -5.48663    -5.48353  0.00876043
         400    -5.40525    -5.47375   0.0123822
         450    -5.41902    -5.46767   0.0124989
         500    -5.39671    -5.46057   0.0132413
         550    -5.42374    -5.45722   0.0124364
         600    -5.53472    -5.46368   0.0130611
         650      -5.529    -5.46871   0.0130227
         700    -5.51624     -5.4721   0.0125257
         750    -5.53245    -5.47612   0.0123354
         800     -5.5449    -5.48042   0.0123133
         850    -5.55265    -5.48467   0.0123219
         900    -5.45003    -5.48275   0.0117756
         950    -5.47579    -5.48238   0.0111446
        1000    -5.36034    -5.47628   0.0122072
        1050    -5.41556    -5.47339   0.0119659
        1100    -5.34159     -5.4674   0.0128863
        1150    -5.36093    -5.46277   0.0131547
        1200    -5.33369    -5.45739   0.0136949
        1250    -5.46343    -5.45763   0.0131379
        1300    -5.45948     -5.4577   0.0126227
        1350    -5.52892    -5.46034   0.0124293
        1400    -5.56726    -5.46416   0.0125712
        1450    -5.55664    -5.46735   0.0125421
        1500    -5.42387     -5.4659   0.0122032
        1550    -5.47983    -5.46635   0.0118115
        1600    -5.47817    -5.46672   0.0114424
        1650    -5.44968     -5.4662   0.0111023
        1700    -5.40416    -5.46438   0.0109242
        1750    -5.43758    -5.46361   0.0106351
        1800    -5.50324    -5.46471   0.0103939
        1850    -5.46954    -5.46484   0.0101099
        1900    -5.48748    -5.46544   0.0098583
        1950    -5.43189    -5.46458  0.00964064
        2000    -5.47772    -5.46491  0.00940228
        2050    -5.41467    -5.46368  0.00925157
        2100    -5.35484    -5.46109  0.00939314
        2150    -5.40601    -5.45981   0.0092611
        2200    -5.48033    -5.46027  0.00906019
        2250    -5.42494    -5.45949  0.00889131
        2300     -5.4798    -5.45993  0.00870708
        2350    -5.56059    -5.46207   0.0087849
        2400    -5.42525    -5.46131  0.00863409
        2450    -5.40516    -5.46016  0.00853332
        2500    -5.48546    -5.46067  0.00837621
        2550    -5.43742    -5.46021  0.00822297
        2600    -5.37972    -5.45866  0.00821053
        2650    -5.52021    -5.45982  0.00813741
        2700    -5.48831    -5.46035   0.0080027
        2750    -5.42679    -5.45974  0.00787952
        2800    -5.51196    -5.46067  0.00779352
        2850    -5.51491    -5.46162  0.00771449
        2900    -5.50828    -5.46243  0.00762288
        2950    -5.44885     -5.4622   0.0074961
        3000    -5.50097    -5.46284  0.00739838
        3050    -5.42944     -5.4623  0.00729667
        3100    -5.48039    -5.46259  0.00718395
        3150    -5.50421    -5.46325   0.0070998
        3200    -5.46797    -5.46332  0.00698837
        3250    -5.43812    -5.46294  0.00689094
        3300    -5.48686     -5.4633   0.0067954
        3350    -5.48179    -5.46357  0.00669889
        3400     -5.4743    -5.46373  0.00660153
        3450    -5.45036    -5.46354  0.00650804
        3500    -5.47768    -5.46374  0.00641758
        3550    -5.44076    -5.46342  0.00633481
        3600     -5.3844    -5.46232  0.00634188
        3650    -5.41842    -5.46172  0.00628324
        3700    -5.41786    -5.46112  0.00622603
        3750    -5.45675    -5.46107  0.00614273
        3800    -5.47626    -5.46127  0.00606466
        3850    -5.43959    -5.46098    0.005992
        3900    -5.21241     -5.4578  0.00671861
        3950    -5.35456    -5.45649  0.00676051
        4000    -5.32638    -5.45486  0.00687074
        4050    -5.41943    -5.45443  0.00679947
        4100    -5.43098    -5.45414  0.00672212
        4150    -5.48381     -5.4545  0.00665025
        4200    -5.48051    -5.45481   0.0065779
        4250    -5.37064    -5.45382  0.00657505
        4300    -5.38778    -5.45305  0.00654337
        4350    -5.40141    -5.45246   0.0064949
        4400    -5.37123    -5.45153  0.00648667
        4450    -5.47652    -5.45181  0.00641952
        4500    -5.44185     -5.4517  0.00634875
        4550    -5.50502    -5.45229  0.00630588
        4600    -5.49329    -5.45274  0.00625286
        4650    -5.47548    -5.45298   0.0061901
        4700    -5.46005    -5.45306  0.00612435
        4750    -5.42542    -5.45276  0.00606652
        4800    -5.46265    -5.45287  0.00600388
        4850    -5.35271    -5.45183  0.00603072
        4900    -5.47906    -5.45211  0.00597533
        4950    -5.48392    -5.45243  0.00592338
        5000    -5.47574    -5.45267  0.00586848
        5050    -5.56579    -5.45379  0.00591705
        5100    -5.56143    -5.45484  0.00595304
        5150    -5.42697    -5.45457  0.00590117
        5200     -5.3868    -5.45392  0.00588037
        5250    -5.41123    -5.45351  0.00583827
        5300    -5.35535    -5.45259  0.00585662
        5350    -5.37761    -5.45189  0.00584379
        5400    -5.39272    -5.45134  0.00581529
        5450    -5.42109    -5.45106  0.00576837
        5500    -5.53961    -5.45187  0.00577209
        5550    -5.46675      -5.452  0.00572143
        5600    -5.46155    -5.45209  0.00567075
        5650    -5.46661    -5.45221  0.00562182
        5700    -5.48069    -5.45246  0.00557788
        5750    -5.36479     -5.4517  0.00558147
        5800    -5.42089    -5.45144  0.00553952
        5850    -5.45895     -5.4515  0.00549235
        5900    -5.40792    -5.45113  0.00545811
        5950     -5.4676    -5.45127  0.00541382
        6000    -5.45338    -5.45129  0.00536854
        6050    -5.49111    -5.45162  0.00533415
        6100    -5.47369     -5.4518  0.00529334
        6150    -5.45767    -5.45184  0.00525035
        6200     -5.4537    -5.45186  0.00520786
        6250    -5.41656    -5.45158  0.00517374
        6300    -5.52814    -5.45218  0.00516836
        6350    -5.45542    -5.45221  0.00512757
        6400    -5.45915    -5.45226  0.00508764
        6450    -5.49727    -5.45261  0.00506009
        6500    -5.47849    -5.45281  0.00502496
        6550    -5.42207    -5.45258  0.00499197
        6600    -5.43255    -5.45243  0.00495634
        6650    -5.52627    -5.45298  0.00495016
        6700     -5.4502    -5.45296  0.00491313
        6750    -5.43353    -5.45282  0.00487872
        6800    -5.41705    -5.45255  0.00484985
        6850    -5.44419    -5.45249  0.00481471
        6900    -5.53241    -5.45307  0.00481465
        6950     -5.4037    -5.45272  0.00479306
        7000    -5.43526    -5.45259  0.00476034
        7050    -5.50743    -5.45298  0.00474243
        7100    -5.49025    -5.45324  0.00471622
        7150    -5.40221    -5.45289   0.0046967
        7200     -5.4463    -5.45284   0.0046642
        7250    -5.43758    -5.45274  0.00463311
        7300    -5.47623     -5.4529  0.00460408
        7350    -5.49682     -5.4532  0.00458241
        7400    -5.59332    -5.45414  0.00464877
        7450    -5.50113    -5.45446  0.00462822
        7500    -5.60272    -5.45545  0.00470231
        7550    -5.56121    -5.45615  0.00472329
        7600    -5.44427    -5.45607  0.00469276
        7650    -5.54026    -5.45662  0.00469435
        7700    -5.51559      -5.457  0.00467946
        7750    -5.44908    -5.45695  0.00464946
        7800    -5.43869    -5.45683  0.00462104
        7850    -5.49665    -5.45709  0.00459851
        7900    -5.32628    -5.45626  0.00464371
        7950    -5.34105    -5.45553  0.00467095
        8000    -5.41456    -5.45528  0.00464872
        8050    -5.32653    -5.45448  0.00468846
        8100    -5.45313    -5.45447  0.00465943
        8150    -5.40636    -5.45417  0.00464015
        8200    -5.55848    -5.45481  0.00465542
        8250    -5.48784    -5.45501  0.00463145
        8300    -5.46357    -5.45506  0.00460375
        8350    -5.40706    -5.45478  0.00458512
        8400    -5.48853    -5.45498  0.00456217
        8450     -5.4848    -5.45515  0.00453853
        8500    -5.41382    -5.45491   0.0045183
        8550    -5.50553    -5.45521  0.00450155
        8600    -5.48347    -5.45537  0.00447832
        8650    -5.42458    -5.45519  0.00445591
        8700    -5.52732    -5.45561  0.00444958
        8750     -5.5006    -5.45586  0.00443155
        8800    -5.46237     -5.4559  0.00440645
        8850    -5.51334    -5.45623  0.00439348
        8900    -5.47039     -5.4563  0.00436946
        8950    -5.45036    -5.45627   0.0043451
        9000    -5.46702    -5.45633  0.00432131
        9050    -5.41032    -5.45608  0.00430488
        9100    -5.49751     -5.4563  0.00428721
        9150    -5.45329    -5.45629  0.00426375
        9200    -5.48535    -5.45645  0.00424346
        9250    -5.42435    -5.45627  0.00422402
        9300    -5.46298    -5.45631   0.0042014
        9350    -5.45994    -5.45633  0.00417892
        9400     -5.4247    -5.45616  0.00416004
        9450    -5.52985    -5.45655   0.0041563
        9500    -5.45574    -5.45655  0.00413437
        9550    -5.43497    -5.45643  0.00411422
        9600    -5.42038    -5.45624  0.00409704
        9650    -5.40399    -5.45597  0.00408474
        9700    -5.45502    -5.45597  0.00406363
        9750    -5.51314    -5.45626  0.00405335
        9800    -5.49027    -5.45644  0.00403635
        9850    -5.41229    -5.45621  0.00402205
        9900    -5.43355     -5.4561  0.00400333
        9950    -5.47267    -5.45618  0.00398403
       10000     -5.4335    -5.45607  0.00396568
       10050    -5.54203    -5.45649  0.00396901
       10100    -5.53104    -5.45686  0.00396651
       10150    -5.56117    -5.45738  0.00398023
       10200    -5.52116    -5.45769  0.00397299
       10250    -5.38675    -5.45734  0.00396868
       10300     -5.4663    -5.45739  0.00394961
       10350    -5.49859    -5.45759  0.00393552
       10400    -5.49916    -5.45779  0.00392165
       10450    -5.53275    -5.45815  0.00391929
       10500    -5.45278    -5.45812  0.00390066
       10550    -5.42356    -5.45796  0.00388559
       10600    -5.50984     -5.4582  0.00387495
       10650    -5.50891    -5.45844  0.00386405
       10700    -5.48668    -5.45857  0.00384822
       10750    -5.42281     -5.4584  0.00383389
       10800    -5.36223    -5.45796  0.00384198
       10850      -5.428    -5.45782  0.00382673
       10900    -5.45674    -5.45782  0.00380913
       10950    -5.40844    -5.45759   0.0037984
       11000    -5.43038    -5.45747  0.00378312
       11050    -5.42454    -5.45732  0.00376891
       11100    -5.46143    -5.45734  0.00375194
       11150    -5.42088    -5.45717  0.00373865
       11200    -5.49686    -5.45735  0.00372614
       11250    -5.39131    -5.45706  0.00372113
       11300    -5.41231    -5.45686  0.00370992
       11350    -5.50306    -5.45706  0.00369914
       11400    -5.33959    -5.45655  0.00371875
       11450    -5.44168    -5.45648  0.00370304
       11500    -5.45489    -5.45648  0.00368691
       11550    -5.46354    -5.45651  0.00367104
       11600     -5.4672    -5.45655  0.00365548
       11650     -5.4221     -5.4564  0.00364276
       11700    -5.46692    -5.45645  0.00362743
       11750    -5.44176    -5.45639  0.00361251
       11800    -5.48522    -5.45651  0.00359924
       11850    -5.49382    -5.45667  0.00358748
       11900    -5.49171    -5.45681  0.00357541
       11950    -5.57774    -5.45732  0.00359619
       12000    -5.50819    -5.45753  0.00358744
       12050    -5.42655     -5.4574  0.00357483
       12100    -5.47969    -5.45749  0.00356122
       12150    -5.47984    -5.45759  0.00354773
       12200     -5.4303    -5.45747  0.00353493
       12250    -5.39879    -5.45724  0.00352861
       12300     -5.3371    -5.45675  0.00354801
       12350    -5.34576     -5.4563  0.00356207
       12400    -5.33856    -5.45582   0.0035793
       12450    -5.49522    -5.45598  0.00356841
       12500    -5.54178    -5.45632  0.00357064
       12550    -5.46253    -5.45635  0.00355647
       12600    -5.43775    -5.45628   0.0035431
       12650    -5.56197    -5.45669  0.00355371
       12700    -5.53881    -5.45702  0.00355442
       12750    -5.47536    -5.45709  0.00354119
       12800    -5.50013    -5.45726  0.00353133
       12850    -5.58116    -5.45774  0.00355045
       12900    -5.49761    -5.45789  0.00354003
       12950    -5.42095    -5.45775  0.00352922
       13000    -5.59682    -5.45829  0.00355608
       13050    -5.52182    -5.45853  0.00355078
       13100    -5.45884    -5.45853   0.0035372
       13150    -5.43772    -5.45845  0.00352462
       13200    -5.49632    -5.45859  0.00351417
       13250    -5.43228    -5.45849  0.00350229
       13300    -5.50539    -5.45867  0.00349355
       13350    -5.50546    -5.45885  0.00348485
       13400    -5.56004    -5.45922  0.00349229
       13450    -5.42233    -5.45909  0.00348199
       13500    -5.50815    -5.45927  0.00347383
       13550    -5.44551    -5.45922  0.00346136
       13600    -5.50459    -5.45938  0.00345264
       13650    -5.46853    -5.45942  0.00344013
       13700    -5.48161     -5.4595  0.00342851
       13750    -5.38632    -5.45923  0.00342637
       13800    -5.42836    -5.45912  0.00341576
       13850    -5.43372    -5.45903  0.00340465
       13900    -5.39767    -5.45881  0.00339955
       13950    -5.49215    -5.45893  0.00338945
       14000    -5.44771    -5.45889  0.00337756
       14050     -5.4248    -5.45877  0.00336771
       14100    -5.39313    -5.45853   0.0033638
       14150    -5.54418    -5.45884  0.00336553
       14200    -5.46414    -5.45886  0.00335371
       14250    -5.47612    -5.45892  0.00334247
       14300    -5.54129     -5.4592   0.0033432
       14350    -5.49825    -5.45934   0.0033343
       14400    -5.48874    -5.45944  0.00332427
       14450    -5.52118    -5.45966  0.00331963
       14500    -5.50478    -5.45981  0.00331182
       14550    -5.41575    -5.45966  0.00330389
       14600    -5.46942    -5.45969  0.00329273
       14650    -5.56438    -5.46005  0.00330087
       14700    -5.54922    -5.46035  0.00330357
       14750    -5.46478    -5.46037  0.00329239
       14800    -5.42997    -5.46027  0.00328285
       14850    -5.47928    -5.46033  0.00327241
       14900    -5.41895    -5.46019  0.00326436
       14950    -5.46367     -5.4602  0.00325345
       15000    -5.42889     -5.4601  0.00324426
       15050    -5.40451    -5.45991  0.00323874
       15100    -5.50146    -5.46005  0.00323092
       15150     -5.4714    -5.46009  0.00322046
       15200    -5.41305    -5.45993  0.00321358
       15250      -5.469    -5.45996  0.00320316
       15300    -5.48811    -5.46006    0.003194
       15350    -5.41802    -5.45992  0.00318652
       15400    -5.38254    -5.45967  0.00318608
       15450    -5.42517    -5.45956  0.00317772
       15500    -5.48752    -5.45965  0.00316873
       15550    -5.43853    -5.45958  0.00315926
       15600    -5.49172    -5.45968   0.0031508
       15650     -5.4959     -5.4598  0.00314285
       15700    -5.45429    -5.45978  0.00313287
       15750    -5.36002    -5.45946  0.00313893
       15800    -5.45434    -5.45945  0.00312902
       15850     -5.5107    -5.45961  0.00312332
       15900    -5.54139    -5.45987  0.00312409
       15950    -5.49961    -5.45999  0.00311677
       16000    -5.43097     -5.4599  0.00310834
       16050    -5.42599    -5.45979  0.00310044
       16100     -5.4211    -5.45967  0.00309313
       16150    -5.48306    -5.45975  0.00308439
       16200    -5.46391    -5.45976  0.00307488
       16250    -5.33259    -5.45937  0.00309028
       16300    -5.43153    -5.45928  0.00308197
       16350    -5.50821    -5.45943  0.00307617
       16400    -5.48955    -5.45952  0.00306815
       16450    -5.46831    -5.45955  0.00305893
       16500    -5.43429    -5.45947  0.00305061
       16550    -5.50299    -5.45961  0.00304422
       16600    -5.44308    -5.45956  0.00303544
       16650    -5.34582    -5.45921  0.00304552
       16700    -5.50189    -5.45934  0.00303908
       16750    -5.42804    -5.45925  0.00303143
       16800    -5.40446    -5.45909  0.00302679
       16850    -5.49433    -5.45919  0.00301961
       16900    -5.53249    -5.45941  0.00301846
       16950    -5.37126    -5.45915  0.00302076
       17000    -5.48794    -5.45923  0.00301305
       17050    -5.43438    -5.45916  0.00300509
       17100    -5.44823    -5.45913  0.00299646
       17150    -5.43103    -5.45904  0.00298883
       17200    -5.42547    -5.45895  0.00298173
       17250    -5.40588    -5.45879  0.00297705
       17300    -5.42331    -5.45869   0.0029702
       17350    -5.39107     -5.4585  0.00296803
       17400      -5.467    -5.45852  0.00295959
       17450    -5.35537    -5.45822  0.00296587
       17500    -5.53224    -5.45844  0.00296493
       17550    -5.56731    -5.45875   0.0029727
       17600    -5.49901    -5.45886  0.00296645
       17650    -5.49962    -5.45898  0.00296028
       17700    -5.49196    -5.45907  0.00295338
       17750    -5.47408    -5.45911  0.00294535
       17800    -5.53705    -5.45933  0.00294521
       17850    -5.56758    -5.45963  0.00295256
       17900    -5.46095    -5.45964  0.00294431
       17950    -5.47337    -5.45968  0.00293634
       18000    -5.38757    -5.45948  0.00293502
       18050    -5.41984    -5.45937  0.00292893
       18100    -5.33502    -5.45902  0.00294096
       18150    -5.50787    -5.45916  0.00293593
       18200    -5.42334    -5.45906  0.00292951
       18250     -5.3854    -5.45886  0.00292843
       18300    -5.42803    -5.45877  0.00292164
       18350    -5.45774    -5.45877  0.00291367
       18400    -5.45156    -5.45875   0.0029058
       18450    -5.58054    -5.45908  0.00291665
       18500    -5.51272    -5.45922  0.00291237
       18550    -5.48604     -5.4593  0.00290541
       18600    -5.39652    -5.45913   0.0029025
       18650    -5.50131    -5.45924  0.00289691
       18700    -5.53595    -5.45945  0.00289643
       18750    -5.39359    -5.45927  0.00289403
       18800     -5.4353    -5.45921  0.00288703
       18850    -5.39833    -5.45905  0.00288388
       18900    -5.47972     -5.4591  0.00287676
       18950    -5.52331    -5.45927  0.00287416
       19000    -5.48719    -5.45934  0.00286753
       19050    -5.47806    -5.45939  0.00286041
       19100    -5.44809    -5.45936  0.00285307
       19150    -5.40116    -5.45921  0.00284966
       19200    -5.44893    -5.45918  0.00284236
       19250    -5.38152    -5.45898  0.00284213
       19300    -5.50544     -5.4591  0.00283732
       19350    -5.43385    -5.45904  0.00283073
       19400    -5.42532    -5.45895  0.00282476
       19450    -5.41624    -5.45884  0.00281963
       19500    -5.38581    -5.45865  0.00281862
       19550    -5.41567    -5.45854  0.00281355
       19600      -5.391    -5.45837  0.00281164
       19650    -5.51493    -5.45852  0.00280817
       19700    -5.43921    -5.45847  0.00280146
       19750    -5.45772    -5.45846  0.00279436
       19800    -5.49192    -5.45855  0.00278858
       19850    -5.47761     -5.4586  0.00278196
       19900    -5.51498    -5.45874  0.00277857
       19950    -5.55667    -5.45898  0.00278245
       20000    -5.46634      -5.459  0.00277554
       20050    -5.45262    -5.45899  0.00276866
       20100    -5.52764    -5.45916  0.00276704
       20150    -5.44774    -5.45913  0.00276031
       20200    -5.34101    -5.45884  0.00276895
       20250    -5.45135    -5.45882  0.00276216
       20300     -5.4882    -5.45889   0.0027563
       20350    -5.50126    -5.45899  0.00275149
       20400    -5.44653    -5.45896  0.00274491
       20450    -5.44395    -5.45893  0.00273844
       20500    -5.47978    -5.45898  0.00273222
       20550     -5.2957    -5.45858  0.00275437
       20600    -5.34516    -5.45831  0.00276143
       20650     -5.5048    -5.45842  0.00275704
       20700     -5.4739    -5.45846  0.00275062
       20750    -5.49745    -5.45855   0.0027456
       20800     -5.5384    -5.45874  0.00274571
       20850    -5.49909    -5.45884  0.00274082
       20900    -5.50117    -5.45894  0.00273613
       20950    -5.43713    -5.45889  0.00273009
       21000    -5.51721    -5.45903  0.00272712
       21050    -5.41592    -5.45892  0.00272256
       21100    -5.35102    -5.45867  0.00272811
       21150    -5.45871    -5.45867  0.00272165
       21200    -5.39278    -5.45851  0.00271967
       21250    -5.45154     -5.4585  0.00271331
       21300    -5.46673    -5.45852    0.002707
       21350    -5.48613    -5.45858  0.00270143
       21400    -5.40528    -5.45846  0.00269799
       21450    -5.43477     -5.4584  0.00269226
       21500    -5.49309    -5.45848   0.0026872
       21550    -5.48736    -5.45855   0.0026818
       21600    -5.44912    -5.45853  0.00267567
       21650    -5.43492    -5.45847  0.00267004
       21700    -5.40513    -5.45835  0.00266671
       21750    -5.37726    -5.45816   0.0026671
       21800     -5.3643    -5.45795  0.00266967
       21850    -5.53634    -5.45813  0.00266959
       21900    -5.45695    -5.45812  0.00266349
       21950    -5.59798    -5.45844  0.00267644
       22000    -5.47406    -5.45848  0.00267059
       22050    -5.51438    -5.45861  0.00266754
       22100      -5.523    -5.45875  0.00266548
       22150    -5.52019    -5.45889  0.00266307
       22200    -5.51592    -5.45902  0.00266017
       22250    -5.54065     -5.4592  0.00266052
       22300    -5.51303    -5.45932  0.00265729
       22350    -5.53622    -5.45949  0.00265691
       22400    -5.53067    -5.45965  0.00265573
       22450    -5.53718    -5.45983  0.00265543
       22500    -5.39587    -5.45968  0.00265333
       22550     -5.4072    -5.45957     0.00265
       22600    -5.46484    -5.45958  0.00264415
       22650    -5.45983    -5.45958  0.00263831
       22700    -5.43148    -5.45952  0.00263322
       22750    -5.39401    -5.45937  0.00263137
       22800    -5.49831    -5.45946  0.00262698
       22850    -5.41071    -5.45935  0.00262339
       22900    -5.38386    -5.45919  0.00262284
       22950    -5.39689    -5.45905  0.00262064
       23000    -5.38537    -5.45889  0.00261984
       23050     -5.4733    -5.45892  0.00261434
       23100    -5.35552     -5.4587  0.00261825
       23150    -5.30986    -5.45838   0.0026323
       23200    -5.44538    -5.45835  0.00262677
       23250     -5.3597    -5.45814  0.00262968
       23300    -5.44488    -5.45811  0.00262419
       23350     -5.6133    -5.45844  0.00263956
       23400    -5.50928    -5.45855  0.00263616
       23450    -5.54405    -5.45873  0.00263684
       23500    -5.55604    -5.45894  0.00263936
       23550    -5.48534      -5.459  0.00263434
       23600    -5.47956    -5.45904  0.00262912
       23650    -5.48447    -5.45909   0.0026241
       23700    -5.53431    -5.45925  0.00262336
       23750     -5.4253    -5.45918  0.00261881
       23800    -5.45473    -5.45917  0.00261332
       23850    -5.48374    -5.45922  0.00260834
       23900    -5.44849     -5.4592  0.00260298
       23950    -5.46701    -5.45922  0.00259759
       24000    -5.40333     -5.4591  0.00259479
       24050    -5.49015    -5.45916  0.00259019
       24100    -5.47136    -5.45919  0.00258494
       24150    -5.47061    -5.45921  0.00257969
       24200    -5.42555    -5.45914  0.00257529
       24250    -5.49913    -5.45923   0.0025713
       24300    -5.49456     -5.4593  0.00256703
       24350    -5.39541    -5.45917  0.00256511
       24400    -5.48432    -5.45922  0.00256037
       24450    -5.44227    -5.45918  0.00255536
       24500    -5.41392    -5.45909  0.00255181
       24550    -5.48557    -5.45915  0.00254718
       24600    -5.49343    -5.45922  0.00254295
       24650    -5.52257    -5.45934  0.00254104
       24700     -5.4929    -5.45941   0.0025368
       24750    -5.39195    -5.45928  0.00253534
       24800    -5.52279     -5.4594  0.00253346
       24850     -5.5434    -5.45957    0.002534
       24900    -5.48816    -5.45963  0.00252956
       24950    -5.43674    -5.45958   0.0025249
       25000    -5.44053    -5.45955  0.00252013
       25050    -5.40434    -5.45944  0.00251751
       25100    -5.47424    -5.45947  0.00251266
       25150    -5.51361    -5.45957  0.00250997
       25200    -5.46547    -5.45958  0.00250502
       25250     -5.4792    -5.45962  0.00250035
       25300    -5.40181    -5.45951  0.00249802
       25350    -5.39764    -5.45939  0.00249607
       25400    -5.41864    -5.45931  0.00249245
       25450    -5.44186    -5.45927  0.00248778
       25500    -5.36086    -5.45908  0.00249039
       25550    -5.39997    -5.45896   0.0024882
       25600    -5.47888      -5.459  0.00248364
       25650     -5.3883    -5.45887  0.00248262
       25700    -5.47189    -5.45889  0.00247791
       25750    -5.47166    -5.45892  0.00247322
       25800    -5.51142    -5.45902  0.00247052
       25850    -5.51153    -5.45912  0.00246783
       25900    -5.44774     -5.4591  0.00246316
       25950    -5.50853    -5.45919  0.00246025
       26000    -5.40851    -5.45909  0.00245745
       26050    -5.41459    -5.45901  0.00245422
       26100    -5.41428    -5.45892  0.00245101
       26150    -5.45634    -5.45892  0.00244632
       26200    -5.38841    -5.45878  0.00244535
       26250     -5.3425    -5.45856  0.00245072
       26300     -5.4924    -5.45863   0.0024469
       26350     -5.4556    -5.45862  0.00244226
       26400    -5.45431    -5.45861  0.00243765
       26450    -5.48138    -5.45866  0.00243342
       26500    -5.51657    -5.45876  0.00243128
       26550    -5.52893     -5.4589  0.00243029
       26600    -5.49447    -5.45896  0.00242664
       26650    -5.49079    -5.45902  0.00242282
       26700    -5.46024    -5.45903  0.00241828
       26750    -5.44225    -5.45899  0.00241396
       26800    -5.47596    -5.45903  0.00240966
       26850    -5.48336    -5.45907  0.00240559
       26900    -5.51011    -5.45917  0.00240299
       26950    -5.53973    -5.45932  0.00240318
       27000     -5.5698    -5.45952  0.00240744
       27050    -5.44401    -5.45949  0.00240315
       27100    -5.40343    -5.45939  0.00240094
       27150    -5.45807    -5.45939  0.00239652
       27200    -5.50336    -5.45947  0.00239347
       27250    -5.46275    -5.45947  0.00238909
       27300    -5.47464     -5.4595  0.00238487
       27350    -5.49821    -5.45957  0.00238156
       27400    -5.54205    -5.45972  0.00238197
       27450    -5.47095    -5.45974  0.00237771
       27500    -5.44327    -5.45971  0.00237357
       27550    -5.47016    -5.45973  0.00236934
       27600    -5.51262    -5.45983  0.00236698
       27650    -5.47226    -5.45985   0.0023628
       27700    -5.49225    -5.45991  0.00235926
       27750    -5.46763    -5.45992  0.00235505
       27800    -5.44261    -5.45989  0.00235101
       27850    -5.41027     -5.4598  0.00234848
       27900    -5.40685    -5.45971  0.00234619
       27950    -5.39855     -5.4596  0.00234454
       28000    -5.53084    -5.45972   0.0023438
       28050    -5.47749    -5.45976  0.00233984
       28100    -5.44118    -5.45972   0.0023359
       28150    -5.47598    -5.45975  0.00233193
       28200    -5.47514    -5.45978  0.00232795
       28250    -5.50451    -5.45986  0.00232518
       28300    -5.50188    -5.45993  0.00232225
       28350    -5.45909    -5.45993  0.00231815
       28400    -5.45348    -5.45992   0.0023141
       28450    -5.44943     -5.4599   0.0023101
       28500    -5.46769    -5.45992  0.00230608
       28550    -5.46154    -5.45992  0.00230204
       28600    -5.48278    -5.45996  0.00229836
       28650    -5.45714    -5.45995  0.00229435
       28700      -5.514    -5.46005  0.00229229
       28750    -5.45247    -5.46003  0.00228833
       28800    -5.42399    -5.45997  0.00228522
       28850    -5.40478    -5.45988  0.00228326
       28900    -5.47366     -5.4599  0.00227943
       28950     -5.4806    -5.45994  0.00227577
       29000    -5.42147    -5.45987  0.00227281
       29050    -5.37908    -5.45973  0.00227315
       29100    -5.44164     -5.4597  0.00226945
       29150    -5.39067    -5.45958  0.00226865
       29200    -5.44305    -5.45955  0.00226494
       29250    -5.45444    -5.45954  0.00226108
       29300    -5.41114    -5.45946  0.00225873
       29350    -5.37135    -5.45931  0.00225987
       29400    -5.36616    -5.45915  0.00226158
       29450    -5.53603    -5.45928   0.0022615
       29500    -5.54662    -5.45943  0.00226251
       29550     -5.4339    -5.45939   0.0022591
       29600    -5.40553     -5.4593  0.00225711
       29650    -5.48936    -5.45935  0.00225387
       29700    -5.46974    -5.45937  0.00225014
       29750    -5.43661    -5.45933  0.00224668
       29800    -5.46012    -5.45933  0.00224291
       29850    -5.45917    -5.45933  0.00223915
       29900    -5.45153    -5.45931  0.00223544
       29950    -5.42283    -5.45925  0.00223254
       30000    -5.50047    -5.45932  0.00222987
       30050    -5.44897    -5.45931  0.00222622
       30100    -5.43667    -5.45927  0.00222284
       30150    -5.36121    -5.45911   0.0022251
       30200    -5.44924    -5.45909  0.00222148
       30250    -5.42664    -5.45904  0.00221845
       30300    -5.39649    -5.45893  0.00221719
       30350    -5.44929    -5.45892  0.00221359
       30400    -5.42826    -5.45887  0.00221052
       30450       -5.47    -5.45888  0.00220696
       30500    -5.38551    -5.45876  0.00220663
       30550    -5.33978    -5.45857   0.0022116
       30600    -5.42403    -5.45851   0.0022087
       30650    -5.37892    -5.45838  0.00220892
       30700      -5.472     -5.4584  0.00220543
       30750    -5.42915    -5.45836  0.00220235
       30800    -5.45301    -5.45835  0.00219879
       30850    -5.46731    -5.45836  0.00219527
       30900    -5.40748    -5.45828  0.00219327
       30950    -5.35404    -5.45811  0.00219619
       31000    -5.30889    -5.45787  0.00220581
       31050    -5.34793    -5.45769  0.00220936
       31100    -5.36513    -5.45755  0.00221082
       31150    -5.44793    -5.45753  0.00220732
       31200    -5.40386    -5.45744  0.00220546
       31250    -5.55798    -5.45761  0.00220779
       31300    -5.49759    -5.45767  0.00220519
       31350    -5.57153    -5.45785  0.00220915
       31400    -5.50848    -5.45793   0.0022071
       31450    -5.53656    -5.45806  0.00220713
       31500    -5.53574    -5.45818  0.00220707
       31550    -5.50102    -5.45825  0.00220462
       31600    -5.46787    -5.45826  0.00220118
       31650    -5.38629    -5.45815  0.00220064
       31700    -5.45727    -5.45815  0.00219716
       31750    -5.45385    -5.45814  0.00219371
       31800    -5.46328    -5.45815  0.00219027
       31850    -5.46581    -5.45816  0.00218687
       31900    -5.45918    -5.45816  0.00218344
       31950    -5.53888    -5.45829  0.00218367
       32000    -5.41397    -5.45822  0.00218136
       32050    -5.42876    -5.45817  0.00217844
       32100    -5.41946    -5.45811  0.00217588
       32150    -5.34882    -5.45794  0.00217913
       32200    -5.49754      -5.458  0.00217661
       32250    -5.48676    -5.45805  0.00217369
       32300    -5.44508    -5.45803  0.00217042
       32350    -5.48566    -5.45807  0.00216748
       32400    -5.44029    -5.45804  0.00216431
       32450    -5.43481    -5.45801  0.00216127
       32500    -5.43134    -5.45797  0.00215833
       32550    -5.41603     -5.4579  0.00215597
       32600    -5.45928    -5.45791  0.00215267
       32650    -5.46933    -5.45792  0.00214944
       32700    -5.45101    -5.45791  0.00214617
       32750    -5.51712      -5.458   0.0021448
       32800      -5.416    -5.45794  0.00214249
       32850    -5.48066    -5.45797   0.0021395
       32900      -5.406    -5.45789  0.00213771
       32950    -5.42989    -5.45785  0.00213488
       33000    -5.55594      -5.458  0.00213682
       33050     -5.5334    -5.45811  0.00213663
       33100    -5.43722    -5.45808  0.00213364
       33150    -5.53698     -5.4582  0.00213374
       33200     -5.4878    -5.45825  0.00213099
       33250    -5.44449    -5.45823  0.00212788
       33300    -5.41015    -5.45815  0.00212591
       33350    -5.47624    -5.45818  0.00212289
       33400    -5.43193    -5.45814  0.00212008
       33450    -5.38324    -5.45803  0.00211987
       33500    -5.41463    -5.45796  0.00211769
       33550    -5.37476    -5.45784  0.00211816
       33600    -5.45569    -5.45784  0.00211501
       33650    -5.48098    -5.45787  0.00211215
       33700    -5.44989    -5.45786  0.00210904
       33750    -5.52176    -5.45795  0.00210804
       33800    -5.46488    -5.45797  0.00210495
       33850    -5.45859    -5.45797  0.00210184
       33900    -5.53772    -5.45808  0.00210203
       33950    -5.48457    -5.45812  0.00209929
       34000    -5.44896    -5.45811  0.00209625
       34050     -5.4578    -5.45811  0.00209317
       34100    -5.43918    -5.45808  0.00209028
       34150     -5.4687     -5.4581  0.00208727
       34200     -5.4413    -5.45807  0.00208437
       34250    -5.43891    -5.45804  0.00208151
       34300    -5.45981    -5.45805  0.00207847
       34350    -5.47679    -5.45807  0.00207563
       34400    -5.48963    -5.45812  0.00207311
       34450    -5.48907    -5.45816  0.00207059
       34500    -5.52308    -5.45826  0.00206973
       34550    -5.52926    -5.45836  0.00206928
       34600    -5.54263    -5.45848  0.00206987
       34650    -5.47415    -5.45851  0.00206701
       34700    -5.42855    -5.45846  0.00206448
       34750    -5.50189    -5.45853  0.00206245
       34800    -5.47502    -5.45855  0.00205962
       34850    -5.44148    -5.45852  0.00205681
       34900    -5.45463    -5.45852  0.00205387
       34950     -5.4995    -5.45858  0.00205177
       35000    -5.40877    -5.45851  0.00205007
       35050    -5.46599    -5.45852  0.00204717
       35100    -5.47906    -5.45855  0.00204446
       35150    -5.45536    -5.45854  0.00204156
       35200    -5.42941     -5.4585  0.00203908
       35250    -5.39897    -5.45842  0.00203793
       35300    -5.36041    -5.45828  0.00203977
       35350    -5.39375    -5.45819  0.00203893
       35400    -5.40653    -5.45811  0.00203735
       35450    -5.44424    -5.45809  0.00203457
       35500    -5.43568    -5.45806  0.00203195
       35550    -5.49054    -5.45811   0.0020296
       35600    -5.53023    -5.45821  0.00202928
       35650    -5.48452    -5.45825  0.00202677
       35700      -5.475    -5.45827  0.00202406
       35750    -5.44062    -5.45824  0.00202138
       35800    -5.43929    -5.45822  0.00201873
       35850    -5.38995    -5.45812  0.00201816
       35900    -5.49017    -5.45817  0.00201584
       35950    -5.42676    -5.45812  0.00201351
       36000     -5.4307    -5.45809  0.00201107
       36050    -5.43341    -5.45805  0.00200857
       36100     -5.5388    -5.45816  0.00200891
       36150    -5.50458    -5.45823  0.00200715
       36200    -5.51279     -5.4583  0.00200579
       36250    -5.45767     -5.4583  0.00200303
       36300    -5.51393    -5.45838  0.00200173
       36350    -5.44069    -5.45835  0.00199912
       36400    -5.45197    -5.45835   0.0019964
       36450    -5.50982    -5.45842  0.00199491
       36500    -5.58346    -5.45859  0.00199952
       36550    -5.54963    -5.45871  0.00200066
       36600    -5.47714    -5.45874  0.00199809
       36650     -5.4796    -5.45877  0.00199556
       36700    -5.57694    -5.45893  0.00199934
       36750    -5.51966    -5.45901  0.00199832
       36800    -5.49594    -5.45906  0.00199624
       36850    -5.52808    -5.45915  0.00199572
       36900    -5.37995    -5.45905  0.00199591
       36950    -5.46124    -5.45905  0.00199321
       37000    -5.43199    -5.45901  0.00199085
       37050    -5.39196    -5.45892  0.00199022
       37100      -5.561    -5.45906  0.00199229
       37150    -5.43702    -5.45903  0.00198983
       37200    -5.37807    -5.45892  0.00199013
       37250     -5.4207    -5.45887  0.00198812
       37300    -5.49266    -5.45891  0.00198597
       37350    -5.49241    -5.45896  0.00198381
       37400    -5.46804    -5.45897  0.00198119
       37450    -5.43741    -5.45894  0.00197876
       37500    -5.49165    -5.45899   0.0019766
       37550    -5.43104    -5.45895  0.00197432
       37600     -5.5378    -5.45905  0.00197447
       37650     -5.5472    -5.45917  0.00197532
       37700    -5.46431    -5.45918  0.00197271
       37750    -5.47404     -5.4592   0.0019702
       37800    -5.46301     -5.4592   0.0019676
       37850    -5.47443    -5.45922   0.0019651
       37900    -5.48553    -5.45926  0.00196281
       37950    -5.41491     -5.4592  0.00196109
       38000    -5.47172    -5.45922  0.00195858
       38050    -5.53179    -5.45931  0.00195833
       38100    -5.42927    -5.45927  0.00195615
       38150    -5.45241    -5.45926  0.00195361
       38200    -5.50547    -5.45932  0.00195199
       38250    -5.43517    -5.45929  0.00194969
       38300    -5.47932    -5.45932  0.00194732
       38350    -5.44322     -5.4593  0.00194489
       38400      -5.461     -5.4593  0.00194236
       38450    -5.44176    -5.45928  0.00193997
       38500    -5.39144    -5.45919  0.00193945
       38550     -5.4284    -5.45915  0.00193734
       38600    -5.46832    -5.45916  0.00193487
       38650    -5.54058    -5.45927  0.00193523
       38700    -5.44607    -5.45925   0.0019328
       38750    -5.39385    -5.45916  0.00193215
       38800    -5.46113    -5.45917  0.00192966
       38850    -5.42691    -5.45912  0.00192762
       38900    -5.49956    -5.45918  0.00192585
       38950    -5.51629    -5.45925  0.00192477
       39000    -5.36892    -5.45913  0.00192578
       39050    -5.46748    -5.45914  0.00192335
       39100    -5.45384    -5.45914   0.0019209
       39150    -5.46173    -5.45914  0.00191845
       39200    -5.48246    -5.45917  0.00191623
       39250    -5.49573    -5.45922  0.00191435
       39300     -5.4908    -5.45926  0.00191234
       39350     -5.4953     -5.4593  0.00191045
       39400    -5.49846    -5.45935  0.00190868
       39450    -5.56233    -5.45948  0.00191072
       39500    -5.43934    -5.45946  0.00190847
       39550    -5.43848    -5.45943  0.00190624
       39600    -5.47369    -5.45945  0.00190391
       39650    -5.44635    -5.45943  0.00190158
       39700    -5.35398     -5.4593  0.00190383
       39750    -5.41079    -5.45924  0.00190241
       39800    -5.43132     -5.4592  0.00190034
       39850     -5.5113    -5.45927  0.00189908
       39900    -5.53423    -5.45936  0.00189902
       39950    -5.44707    -5.45935  0.00189671
       40000    -5.41663    -5.45929  0.00189509
       40050    -5.46708     -5.4593  0.00189275
       40100     -5.4471    -5.45929  0.00189045
       40150    -5.46746     -5.4593  0.00188812
       40200    -5.40278    -5.45923  0.00188708
       40250    -5.42878    -5.45919  0.00188511
       40300    -5.51308    -5.45926  0.00188396
       40350    -5.47174    -5.45927  0.00188168
       40400    -5.46596    -5.45928  0.00187937
       40450    -5.50213    -5.45934   0.0018778
       40500    -5.56483    -5.45947  0.00187999
       40550    -5.51538    -5.45953  0.00187894
       40600    -5.56504    -5.45966  0.00188112
       40650     -5.4769    -5.45969  0.00187892
       40700     -5.3915     -5.4596  0.00187848
       40750    -5.52039    -5.45968  0.00187765
       40800     -5.4792     -5.4597   0.0018755
       40850    -5.43201    -5.45967  0.00187351
       40900    -5.45828    -5.45966  0.00187122
       40950    -5.40381     -5.4596  0.00187018
       41000    -5.34538    -5.45946  0.00187309
       41050    -5.46398    -5.45946  0.00187081
       41100    -5.50953    -5.45952  0.00186953
       41150    -5.52759    -5.45961  0.00186908
       41200    -5.48934    -5.45964  0.00186716
       41250    -5.52487    -5.45972  0.00186657
       41300    -5.50936    -5.45978  0.00186528
       41350    -5.51567    -5.45985  0.00186425
       41400    -5.45922    -5.45985    0.001862
       41450    -5.37935    -5.45975  0.00186228
       41500    -5.38363    -5.45966   0.0018623
       41550    -5.43684    -5.45963  0.00186026
       41600    -5.44647    -5.45962  0.00185809
       41650    -5.44018    -5.45959    0.001856
       41700    -5.47185    -5.45961  0.00185383
       41750    -5.40516    -5.45954  0.00185276
       41800    -5.47827    -5.45956  0.00185068
       41850     -5.5015    -5.45961  0.00184914
       41900    -5.54121    -5.45971   0.0018495
       41950    -5.41546    -5.45966  0.00184805
       42000     -5.5313    -5.45974  0.00184782
       42050    -5.50387     -5.4598  0.00184636
       42100    -5.48343    -5.45983  0.00184438
       42150    -5.40098    -5.45976  0.00184352
       42200    -5.41555     -5.4597  0.00184207
       42250     -5.4589     -5.4597  0.00183989
       42300    -5.45183    -5.45969  0.00183774
       42350    -5.53591    -5.45978  0.00183777
       42400    -5.40941    -5.45972  0.00183657
       42450    -5.39247    -5.45964  0.00183611
       42500    -5.42549     -5.4596  0.00183439
       42550    -5.49066    -5.45964   0.0018326
       42600    -5.50591    -5.45969  0.00183125
       42650    -5.45221    -5.45969  0.00182912
       42700     -5.5315    -5.45977  0.00182891
       42750     -5.5594    -5.45989  0.00183049
       42800    -5.43008    -5.45985  0.00182868
       42850    -5.45305    -5.45984  0.00182656
       42900    -5.52119    -5.45992  0.00182583
       42950    -5.34493    -5.45978  0.00182861
       43000     -5.4007    -5.45971  0.00182777
       43050    -5.40118    -5.45964  0.00182692
       43100    -5.38011    -5.45955  0.00182713
       43150    -5.39391    -5.45948  0.00182659
       43200    -5.50825    -5.45953  0.00182535
       43250    -5.38868    -5.45945  0.00182508
       43300    -5.47241    -5.45947  0.00182303
       43350    -5.47198    -5.45948  0.00182098
       43400    -5.47908     -5.4595  0.00181902
       43450    -5.42746    -5.45947   0.0018173
       43500    -5.45033    -5.45946  0.00181524
       43550    -5.51875    -5.45952  0.00181444
       43600    -5.49077    -5.45956  0.00181271
       43650    -5.49718     -5.4596  0.00181114
       43700    -5.40489    -5.45954  0.00181015
       43750    -5.50066    -5.45959  0.00180869
       43800    -5.52032    -5.45966  0.00180796
       43850    -5.47327    -5.45967  0.00180596
       43900    -5.52478    -5.45975  0.00180543
       43950    -5.41485    -5.45969   0.0018041
       44000    -5.39902    -5.45963  0.00180336
       44050    -5.39366    -5.45955  0.00180287
       44100    -5.47798    -5.45957  0.00180095
       44150    -5.46683    -5.45958  0.00179892
       44200    -5.36379    -5.45947  0.00180015
       44250    -5.38455    -5.45939  0.00180011
       44300    -5.44792    -5.45937  0.00179812
       44350    -5.47544    -5.45939  0.00179619
       44400    -5.42056    -5.45935  0.00179469
       44450    -5.45503    -5.45934  0.00179268
       44500    -5.62864    -5.45953  0.00180074
       44550    -5.56429    -5.45965  0.00180256
       44600    -5.53308    -5.45973  0.00180242
       44650    -5.59695    -5.45989  0.00180694
       44700    -5.54989    -5.45999  0.00180772
       44750    -5.50038    -5.46003  0.00180627
       44800    -5.48471    -5.46006  0.00180446
       44850    -5.49121     -5.4601  0.00180278
       44900    -5.40331    -5.46003  0.00180188
       44950    -5.44841    -5.46002  0.00179992
       45000    -5.46186    -5.46002  0.00179792
       45050      -5.488    -5.46005   0.0017962
       45100    -5.43548    -5.46003  0.00179441
       45150    -5.52223    -5.46009  0.00179375
       45200    -5.48328    -5.46012  0.00179194
       45250    -5.44764    -5.46011  0.00179002
       45300    -5.40959    -5.46005  0.00178891
       45350    -5.49682    -5.46009  0.00178739
       45400    -5.57743    -5.46022   0.0017901
       45450    -5.45329    -5.46021  0.00178814
       45500    -5.35916     -5.4601  0.00178962
       45550    -5.29127    -5.45992  0.00179724
       45600    -5.45405    -5.45991  0.00179528
       45650    -5.45658    -5.45991  0.00179332
       45700    -5.51358    -5.45996  0.00179231
       45750    -5.51049    -5.46002  0.00179121
       45800     -5.4114    -5.45997  0.00179004
       45850    -5.38112    -5.45988  0.00179015
       45900    -5.38607     -5.4598  0.00179001
       45950    -5.50145    -5.45985  0.00178863
       46000     -5.4906    -5.45988    0.001787
       46050     -5.5229    -5.45995  0.00178637
       46100    -5.45552    -5.45994  0.00178444
       46150    -5.61541    -5.46011  0.00179044
       46200    -5.53428    -5.46019   0.0017903
       46250    -5.48514    -5.46022  0.00178857
       46300    -5.50107    -5.46026  0.00178718
       46350     -5.4756    -5.46028  0.00178533
       46400     -5.4583    -5.46028  0.00178341
       46450    -5.56269    -5.46039  0.00178489
       46500    -5.51109    -5.46044  0.00178381
       46550    -5.43019    -5.46041  0.00178219
       46600    -5.40555    -5.46035  0.00178124
       46650    -5.42463    -5.46031  0.00177975
       46700     -5.4575    -5.46031  0.00177784
       46750    -5.43522    -5.46028  0.00177614
       46800      -5.518    -5.46034  0.00177532
       46850    -5.56543    -5.46046  0.00177696
       46900     -5.5394    -5.46054  0.00177706
       46950    -5.49156    -5.46057  0.00177548
       47000    -5.48237     -5.4606  0.00177374
       47050    -5.53237    -5.46067  0.00177349
       47100    -5.46699    -5.46068  0.00177162
       47150    -5.47039    -5.46069  0.00176977
       47200    -5.47227     -5.4607  0.00176794
       47250    -5.42536    -5.46066  0.00176646
       47300     -5.3915    -5.46059  0.00176611
       47350    -5.36587    -5.46049  0.00176707
       47400    -5.41025    -5.46044  0.00176601
       47450    -5.46526    -5.46044  0.00176415
       47500    -5.48967    -5.46047  0.00176256
       47550    -5.49278    -5.46051  0.00176103
       47600     -5.4993    -5.46055  0.00175966
       47650    -5.50685     -5.4606  0.00175848
       47700    -5.42259    -5.46056  0.00175709
       47750    -5.46496    -5.46056  0.00175525
       47800     -5.4513    -5.46055  0.00175344
       47850     -5.4862    -5.46058  0.00175181
       47900    -5.37625    -5.46049   0.0017522
       47950     -5.4356    -5.46047  0.00175056
       48000    -5.53367    -5.46054   0.0017504
       48050    -5.47824    -5.46056  0.00174867
       48100    -5.54959    -5.46065   0.0017493
       48150    -5.58518    -5.46078  0.00175226
       48200    -5.44817    -5.46077  0.00175049
       48250    -5.47256    -5.46078  0.00174872
       48300    -5.55822    -5.46088  0.00174982
       48350    -5.48198     -5.4609  0.00174815
       48400    -5.49818    -5.46094  0.00174676
       48450    -5.55075    -5.46104  0.00174742
       48500    -5.57597    -5.46115  0.00174963
       48550     -5.5429    -5.46124  0.00174986
       48600    -5.53302    -5.46131  0.00174962
       48650    -5.57323    -5.46143   0.0017516
       48700    -5.46337    -5.46143   0.0017498
       48750    -5.49931    -5.46147  0.00174844
       48800     -5.4719    -5.46148  0.00174668
       48850    -5.43965    -5.46146  0.00174503
       48900     -5.4734    -5.46147  0.00174329
       48950    -5.42798    -5.46143  0.00174184
       49000    -5.48211    -5.46145  0.00174019
       49050    -5.42471    -5.46142  0.00173882
       49100    -5.50513    -5.46146  0.00173762
       49150    -5.44812    -5.46145   0.0017359
       49200    -5.52872    -5.46152  0.00173549
       49250    -5.43384    -5.46149  0.00173395
       49300     -5.5288    -5.46156  0.00173354
       49350    -5.44199    -5.46154  0.00173189
       49400    -5.38815    -5.46146  0.00173173
       49450    -5.38286    -5.46138   0.0017318
       49500    -5.39395    -5.46132  0.00173139
       49550    -5.38962    -5.46124  0.00173116
       49600    -5.45003    -5.46123  0.00172945
       49650    -5.46309    -5.46123  0.00172771
       49700    -5.42577     -5.4612  0.00172634
       49750    -5.45582    -5.46119  0.00172461
       49800    -5.45502    -5.46119  0.00172289
       49850    -5.50382    -5.46123  0.00172169
       49900     -5.5516    -5.46132  0.00172235
       49950    -5.51709    -5.46138  0.00172153
       50000    -5.55251    -5.46147  0.00172222
