-0.223277   0.472146   0.263588
-0.123625   -0.066261   0.068365
0.330527   0.171462   -0.242112
0.339646   0.310088   -0.208653
-0.2457   0.424457   -0.294387
-0.068646   -0.118107   -0.129144
-0.0179669   -0.248823   0.0584648
-0.420825   0.450335   0.356173
-0.168649   0.231766   0.101586
0.0314697   -0.488861   0.0117608
0.0819441   0.103412   -0.0669049
0.0396246   -0.215327   -0.403047
0.0194415   -0.0773814   0.129758
0.0272006   0.0431889   -0.281731
0.268894   -0.334047   0.370183
-0.150365   -0.238454   0.10316
0.365482   -0.381252   0.238038
0.365875   0.253482   -0.0682911
0.295989   -0.0200806   -0.203041
0.26515   -0.366275   -0.0508705
0.184716   0.242782   0.0392886
0.00907988   -0.00204536   -0.180137
-0.407999   0.160374   -0.046206
0.336892   0.313611   -0.024128
0.379373   -0.199165   -0.0292223
-0.039183   0.0991381   -0.493476
0.0941489   0.116382   -0.301127
-0.0593689   -0.0300528   -0.239651
0.162698   -0.0966572   -0.110976
-0.105698   0.254466   -0.00339476
-0.306683   0.00109408   -0.376247
0.143536   0.0264167   0.207597
-0.226051   0.0627133   -0.381566
0.271512   -0.486435   -0.453642
-0.0414122   -0.421764   -0.269151
-0.18518   0.0218152   -0.29266
0.101485   -0.366735   0.301904
0.190961   0.490997   -0.458718
-0.187831   -0.352131   -0.137729
-0.4818   -0.0443696   0.219704
0.263806   0.37381   0.0925823
0.105484   -0.163416   0.366085
0.0613171   0.39132   0.471619
0.0710564   0.2719   -0.364526
0.298861   0.380871   -0.0746949
0.382707   0.264231   0.017187
-0.0278875   -0.315672   -0.361573
0.153559   0.461319   0.223185
0.294955   -0.176094   0.0336805
0.252004   0.108809   0.0925749
0.498861   0.0673962   -0.334587
-0.0246107   -0.236229   0.341053
0.244851   -0.461112   0.394424
0.182335   0.490533   -0.18132
0.470895   -0.0758383   0.329311
0.237961   -0.413424   -0.360709
-0.255738   -0.318025   0.0981044
0.147764   -0.439734   0.326925
-0.432858   0.00363813   -0.0867937
0.0941603   -0.296467   0.0765555
0.200873   0.334077   0.251646
-0.0659877   0.256313   -0.11615
0.422997   -0.0478247   -0.0248121
0.140053   0.341826   0.310498
0.153795   0.207555   -0.49358
-0.04493   -0.335092   -0.218757
-0.173894   -0.185018   0.397486
-0.0395499   -0.0257334   -0.470781
-0.481463   0.0834289   0.482813
0.438395   -0.0651895   0.436311
0.476847   -0.337631   -0.0457711
-0.234954   -0.418063   -0.30996
-0.103061   -0.0962307   -0.00650003
0.0932282   -0.063961   0.0118422
0.481406   -0.0584597   -0.44876
0.124674   0.146654   0.106694
-0.228096   -0.11527   -0.0466545
-0.334175   0.366688   0.390607
-0.413396   -0.21797   0.301309
0.198061   0.250186   0.440057
0.24524   0.311645   0.381124
-0.415991   0.363203   0.105054
0.437185   0.0232219   -0.425014
0.00509577   -0.265423   0.425729
-0.0317324   -0.343409   0.305481
0.463077   0.0538808   0.391068
-0.0717919   -0.000130915   -0.163767
-0.305107   0.0961613   -0.0752327
-0.120425   0.401414   0.286086
-0.162106   0.318381   -0.16612
0.361595   -0.489322   0.00782102
0.0392175   -0.150058   0.0123268
0.148936   -0.197327   0.105071
-0.164531   -0.0302585   0.462293
-0.339606   -0.0201794   -0.0473567
0.362954   -0.37118   -0.387949
-0.0525184   0.328328   -0.145295
-0.237158   0.376616   0.485585
-0.0508669   0.0830692   -0.391057
0.430455   0.227818   0.347634
-0.374265   -0.195016   0.0999588
-0.459982   -0.40646   -0.196111
0.42844   0.175342   0.165093
0.0339909   0.431268   -0.00481318
0.0860824   0.126592   0.197853
-0.4092   0.306835   0.180388
-0.49317   -0.0118963   0.46033
0.170492   0.222878   -0.186158
