-0.22329   0.472162   0.263631
-0.123659   -0.066279   0.0684208
0.330521   0.171416   -0.242002
0.33963   0.310077   -0.208727
-0.245711   0.424462   -0.29437
-0.0686711   -0.118101   -0.129186
-0.0179122   -0.248834   0.0584372
-0.420763   0.450269   0.356155
-0.168655   0.231789   0.101616
0.0314104   -0.488917   0.011742
0.081897   0.103318   -0.0670084
0.0396788   -0.215359   -0.403055
0.0194061   -0.077423   0.129807
0.0271548   0.0432087   -0.281753
0.268912   -0.334084   0.370182
-0.15046   -0.238483   0.103185
0.365508   -0.381326   0.238081
0.365958   0.253485   -0.0682654
0.295959   -0.0200678   -0.203052
0.26515   -0.366228   -0.0508556
0.184702   0.242756   0.0392618
0.00907991   -0.00206629   -0.180121
-0.408094   0.160361   -0.0462568
0.33692   0.313711   -0.024083
0.379407   -0.199119   -0.0292086
-0.0392049   0.099135   -0.493432
0.0942164   0.116411   -0.301173
-0.0593568   -0.0301003   -0.23956
0.162674   -0.0966611   -0.110933
-0.105673   0.254581   -0.0034313
-0.30666   0.00107775   -0.376293
0.143556   0.0264564   0.207559
-0.226104   0.06275   -0.381524
0.271444   -0.486452   -0.453656
-0.0414441   -0.421785   -0.269155
-0.185193   0.0218964   -0.292694
0.10141   -0.366754   0.301979
0.19103   0.490952   -0.458682
-0.187726   -0.352076   -0.137689
-0.48181   -0.0443186   0.219706
0.263815   0.373775   0.0925608
0.105439   -0.163427   0.36598
0.0613126   0.391323   0.471573
0.0710709   0.271953   -0.364538
0.298912   0.380921   -0.074657
0.382653   0.264202   0.0171426
-0.027836   -0.315657   -0.361555
0.153583   0.461378   0.223165
0.294919   -0.17616   0.0337175
0.251963   0.108786   0.0925307
0.498889   0.0674511   -0.334513
-0.024556   -0.236263   0.341052
0.244875   -0.461151   0.394462
0.182346   0.490585   -0.181334
0.470877   -0.0758956   0.329327
0.238035   -0.413487   -0.360673
-0.255673   -0.318   0.0981246
0.147767   -0.439733   0.326993
-0.432861   0.00364408   -0.0868103
0.0941916   -0.296425   0.0766219
0.200945   0.334111   0.251571
-0.0660268   0.256317   -0.116191
0.423054   -0.0477718   -0.0248589
0.140066   0.341803   0.31057
0.153856   0.207647   -0.493628
-0.0449446   -0.33511   -0.218835
-0.173995   -0.185046   0.397467
-0.0395133   -0.0256779   -0.470855
-0.481372   0.0834692   0.482859
0.438459   -0.0652146   0.43631
0.476835   -0.337545   -0.0457246
-0.234921   -0.418073   -0.309907
-0.103057   -0.0963589   -0.00648576
0.0931918   -0.0639474   0.0118545
0.481438   -0.0585013   -0.448678
0.124547   0.146714   0.106722
-0.228116   -0.115294   -0.0466361
-0.334222   0.366654   0.390554
-0.413361   -0.217988   0.301185
0.198073   0.250155   0.440082
0.245253   0.311664   0.381098
-0.415986   0.363213   0.105055
0.437125   0.0231574   -0.425031
0.00500806   -0.265449   0.425753
-0.0316766   -0.343364   0.305492
0.463168   0.0538931   0.39106
-0.0718459   -0.000204046   -0.163824
-0.305098   0.0961533   -0.0751993
-0.120441   0.401427   0.286012
-0.162109   0.318401   -0.166072
0.361594   -0.489344   0.0077785
0.039277   -0.150077   0.0124143
0.148951   -0.197268   0.105053
-0.164543   -0.0302215   0.462268
-0.339649   -0.0202133   -0.0473571
0.362962   -0.371115   -0.387898
-0.0525458   0.328285   -0.145304
-0.237155   0.376594   0.485599
-0.0508471   0.0830264   -0.391019
0.430421   0.22783   0.347619
-0.374198   -0.195019   0.0998773
-0.46003   -0.406353   -0.196048
0.428456   0.175336   0.165038
0.0340159   0.431236   -0.00487398
0.0859614   0.126576   0.197838
-0.409231   0.306828   0.18034
-0.493236   -0.0118346   0.460308
0.170508   0.222844   -0.186115
