   0.0115332           0           0
   0.0345996           0           0
   0.0576661           0           0
   0.0807325           0           0
    0.103799           0           0
    0.126865           0           0
    0.149932           0           0
    0.172998           0           0
    0.196065           0           0
    0.219131           0           0
    0.242198           0           0
    0.265264           0           0
     0.28833           0           0
    0.311397           0           0
    0.334463           0           0
     0.35753           0           0
    0.380596           0           0
    0.403663           0           0
    0.426729           0           0
    0.449795           0           0
    0.472862           0           0
    0.495928           0           0
    0.518995           0           0
    0.542061           0           0
    0.565128           0           0
    0.588194           0           0
     0.61126           0           0
    0.634327           0           0
    0.657393           0           0
     0.68046           0           0
    0.703526           0           0
    0.726593           0           0
    0.749659           0           0
    0.772725           0           0
    0.795792           0           0
    0.818858           0           0
    0.841925           0           0
    0.864991           0           0
    0.888058 3.16654e-05 6.87813e-06
    0.911124  0.00162166 5.51885e-05
     0.93419   0.0238259 0.000229727
    0.957257    0.146325 0.000656551
    0.980323    0.503351  0.00128247
     1.00339     1.11966  0.00152923
     1.02646     1.81292  0.00155974
     1.04952     2.30942  0.00172788
     1.07259     2.44738  0.00218211
     1.09566     2.24578  0.00224384
     1.11872     1.83063  0.00185807
     1.14179     1.34737  0.00135349
     1.16485    0.909004 0.000948583
     1.18792    0.565291 0.000870138
     1.21099    0.326633 0.000791095
     1.23405    0.175947 0.000654558
     1.25712   0.0902128 0.000496791
     1.28019   0.0444455 0.000371661
     1.30325   0.0244818 0.000270217
     1.32632   0.0210645 0.000250034
     1.34939   0.0303375 0.000279245
     1.37245   0.0533057 0.000343408
     1.39552   0.0923276 0.000399965
     1.41859     0.15021 0.000423386
     1.44165    0.226959 0.000422614
     1.46472    0.313377 0.000444085
     1.48778    0.398548 0.000574492
     1.51085    0.460383  0.00077025
     1.53392    0.485128 0.000834761
     1.55698    0.464359 0.000730636
     1.58005    0.404248 0.000569264
     1.60312    0.321049 0.000414861
     1.62618    0.232557 0.000371345
     1.64925    0.158351 0.000401425
     1.67232    0.109498 0.000450583
     1.69538   0.0962268 0.000519666
     1.71845    0.127017 0.000638473
     1.74152    0.216672 0.000740326
     1.76458    0.374969 0.000798384
     1.78765    0.598983 0.000706792
     1.81071     0.86351 0.000628917
     1.83378     1.11813 0.000833147
     1.85685     1.29912   0.0012635
     1.87991     1.35677  0.00147941
     1.90298     1.27943    0.001381
     1.92605     1.08977  0.00103295
     1.94911    0.844733 0.000620817
     1.97218    0.600551 0.000558225
     1.99525    0.401245 0.000691663
     2.01831     0.27132 0.000764448
     2.04138    0.216979 0.000743387
     2.06445    0.230178 0.000657583
     2.08751     0.29296 0.000490433
     2.11058    0.379402 0.000364782
     2.13364    0.458387 0.000436993
     2.15671    0.507443 0.000545955
     2.17978    0.511682 0.000596764
     2.20284    0.459834 0.000509399
     2.22591    0.390561 0.000353764
     2.24898    0.326797  0.00042275
     2.27204     0.28593 0.000612199
     2.29511    0.286721 0.000727638
