          50     7.38186     7.38186           0
         100     7.32243     7.35215   0.0297158
         150     7.80306     7.50245    0.151279
         200     8.21096     7.67958    0.206921
         250     7.37724     7.61911    0.171307
         300      8.0928     7.69806    0.160614
         350     7.39272     7.65444     0.14258
         400     7.57269     7.64422      0.1239
         450     7.70413     7.65088    0.109472
         500     7.55966     7.64175   0.0983389
         550     8.12286     7.68549    0.099122
         600     7.43097     7.66428   0.0929383
         650      7.5995      7.6593   0.0856359
         700     7.72361     7.66389   0.0794164
         750     7.38445     7.64526   0.0762436
         800      7.2581     7.62106   0.0753126
         850     7.53714     7.61613   0.0709159
         900      7.5057     7.60999    0.067141
         950     7.69179      7.6143   0.0636548
        1000     7.51522     7.60934   0.0605911
        1050     8.10115     7.63276   0.0622101
        1100      7.4782     7.62574   0.0597297
        1150      8.0873     7.64581   0.0604989
        1200     8.05298     7.66277   0.0603567
        1250      7.6576     7.66256   0.0578925
        1300     7.56153     7.65868   0.0557569
        1350     7.52018     7.65355   0.0538967
        1400      7.5876     7.65119   0.0519896
        1450     7.28607      7.6386   0.0517207
        1500     7.35307     7.62909   0.0508654
        1550     7.70582     7.63156   0.0492594
        1600     7.54173     7.62875   0.0477778
        1650     7.19316     7.61555   0.0481519
        1700     7.19791     7.60327   0.0483022
        1750     7.59837     7.60313   0.0469021
        1800     7.76909     7.60774   0.0458132
        1850     7.67587     7.60958   0.0445958
        1900     7.20859     7.59903   0.0446706
        1950     7.70514     7.60175   0.0435952
        2000     7.28479     7.59383   0.0432239
        2050     7.75304     7.59771   0.0423349
        2100     7.60337     7.59784   0.0413149
        2150     7.26055        7.59   0.0410981
        2200     7.96182     7.59845   0.0410328
        2250     7.89326       7.605   0.0406421
        2300     7.38556     7.60023    0.040034
        2350     7.30475     7.59394   0.0396742
        2400     7.85007     7.59928   0.0392037
        2450     7.41529     7.59553   0.0385785
        2500      7.9063     7.60174   0.0383066
        2550     7.87129     7.60703   0.0379182
        2600     7.44967       7.604   0.0373048
        2650     7.77428     7.60721   0.0367349
        2700     7.22832      7.6002   0.0367247
        2750     7.76297     7.60316   0.0361721
        2800     7.52981     7.60185   0.0355444
        2850     7.62095     7.60218   0.0349169
        2900     7.00423     7.59187    0.035825
        2950     7.31639      7.5872   0.0355208
        3000     7.38928      7.5839   0.0350792
        3050     7.40157     7.58091   0.0346286
        3100     7.49627     7.57955   0.0340928
        3150     8.11131     7.58799   0.0345929
        3200     7.20894     7.58207   0.0345594
        3250     8.09615     7.58998   0.0349307
        3300     7.83945     7.59376   0.0346044
        3350     7.23373     7.58838    0.034505
        3400     7.45754     7.58646   0.0340482
        3450     7.80917     7.58969    0.033706
        3500     7.78823     7.59252   0.0333419
        3550     7.56807     7.59218   0.0328707
        3600     7.76788     7.59462   0.0325027
        3650     7.50328     7.59337   0.0320788
        3700       7.694     7.59473   0.0316715
        3750     7.54969     7.59413   0.0312521
        3800      7.9135     7.59833   0.0311232
        3850     7.76559      7.6005    0.030793
        3900     8.06009     7.60639   0.0309615
        3950     8.07351     7.61231   0.0311337
        4000     7.62315     7.61244   0.0307424
        4050     7.23253     7.60775   0.0307206
        4100     7.71699     7.60908   0.0303729
        4150     7.36763     7.60617   0.0301454
        4200     7.23432     7.60175   0.0301116
        4250     7.83203     7.60446   0.0298783
        4300     7.80794     7.60682   0.0296235
        4350     7.31861     7.60351   0.0294678
        4400     7.37423      7.6009   0.0292473
        4450      7.2023     7.59643   0.0292616
        4500     7.60216     7.59649   0.0289347
        4550     7.76465     7.59834   0.0286746
        4600     7.62851     7.59867   0.0283631
        4650     7.21218     7.59451   0.0283625
        4700     7.30233      7.5914   0.0282308
        4750     7.55281       7.591    0.027935
        4800     7.54303      7.5905    0.027647
        4850     7.84754     7.59315   0.0274886
        4900     7.77082     7.59496    0.027267
        4950     7.88157     7.59785   0.0271449
        5000     7.61615     7.59804   0.0268727
        5050     7.25265     7.59462   0.0268242
        5100      7.6285     7.59495    0.026562
        5150     7.88938     7.59781   0.0264577
        5200     7.48886     7.59676    0.026223
        5250     7.86364      7.5993   0.0260962
        5300     7.95312     7.60264   0.0260634
        5350     7.72599     7.60379   0.0258444
        5400     7.95696     7.60706    0.025812
        5450     7.41828     7.60533   0.0256327
        5500     6.96617     7.59952   0.0260547
        5550     7.34661     7.59724   0.0259193
        5600     7.45627     7.59598   0.0257176
        5650     7.93814     7.59901   0.0256683
        5700     7.66388     7.59958   0.0254485
        5750     7.71204     7.60056   0.0252451
        5800     7.90039     7.60314   0.0251597
        5850     7.60574     7.60316   0.0249437
        5900     7.62038     7.60331   0.0247319
        5950     7.55258     7.60288   0.0245269
        6000     7.08953     7.59861    0.024695
        6050     7.33682     7.59644   0.0245854
        6100     7.54464     7.59602   0.0243868
        6150      7.4058     7.59447   0.0242371
        6200     7.20053     7.59129   0.0242498
        6250     7.59883     7.59136   0.0240551
        6300     7.31925      7.5892    0.023961
        6350     7.88393     7.59152   0.0238846
        6400     7.47056     7.59057   0.0237161
        6450     7.97393     7.59354   0.0237184
        6500     7.85037     7.59552    0.023618
        6550     7.59411     7.59551    0.023437
        6600     7.76021     7.59676   0.0232923
        6650     7.84792     7.59864   0.0231935
        6700     7.57509     7.59847   0.0230204
        6750     7.44973     7.59737   0.0228758
        6800     7.35938     7.59562   0.0227743
        6850     7.38734      7.5941   0.0226585
        6900     7.51687     7.59354   0.0225007
        6950     7.71586     7.59442   0.0223555
        7000     7.58284     7.59433   0.0221954
        7050     7.38245     7.59283   0.0220886
        7100     7.52253     7.59234   0.0219381
        7150     7.77477     7.59361   0.0218215
        7200     7.26245     7.59131   0.0217911
        7250     7.16769     7.58839   0.0218366
        7300     7.74042     7.58943   0.0217115
        7350     7.68205     7.59006   0.0215725
        7400     7.68422      7.5907   0.0214357
        7450     7.94046     7.59305   0.0214204
        7500     7.43369     7.59198   0.0213036
        7550      7.2151     7.58949   0.0213087
        7600     7.55428     7.58926   0.0211693
        7650     7.51482     7.58877   0.0210361
        7700     7.87691     7.59064   0.0209827
        7750     7.33222     7.58897   0.0209134
        7800     7.86305     7.59073   0.0208531
        7850     7.95184     7.59303   0.0208471
        7900     7.46922     7.59225   0.0207296
        7950     7.59965     7.59229   0.0205988
        8000     7.98532     7.59475   0.0206165
        8050     7.72603     7.59556   0.0205043
        8100     7.55361     7.59531    0.020379
        8150      7.5493     7.59502   0.0202555
        8200      7.6838     7.59557   0.0201389
        8250     7.59612     7.59557   0.0200165
        8300     7.52645     7.59515   0.0198999
        8350     7.25278      7.5931   0.0198864
        8400      7.6714     7.59357   0.0197731
        8450     7.79621     7.59477   0.0196923
        8500     7.64712     7.59508   0.0195786
        8550     7.65671     7.59544   0.0194671
        8600      7.5633     7.59525   0.0193545
        8650     7.20842     7.59301   0.0193717
        8700     7.23913     7.59098   0.0193672
        8750     7.52405      7.5906     0.01926
        8800     7.58921     7.59059   0.0191502
        8850     7.67106     7.59104   0.0190472
        8900     7.61719     7.59119   0.0189404
        8950     7.74388     7.59204   0.0188536
        9000     7.64077     7.59231   0.0187505
        9050      7.8005     7.59346   0.0186821
        9100     7.35057     7.59213    0.018627
        9150     7.21128     7.59005   0.0186415
        9200      7.5114     7.58962   0.0185448
        9250     7.85278     7.59104   0.0184991
        9300     7.64111     7.59131   0.0184013
        9350     7.62152     7.59147   0.0183034
        9400     7.83577     7.59277   0.0182521
        9450     7.40869      7.5918   0.0181814
        9500     8.03704     7.59414   0.0182366
        9550     7.75751       7.595    0.018161
        9600     7.61447      7.5951   0.0180665
        9650     7.41317     7.59416   0.0179973
        9700     7.24575     7.59236   0.0179942
        9750     7.77539      7.5933   0.0179262
        9800     7.43939     7.59251   0.0178518
        9850     7.52253     7.59216   0.0177645
        9900     7.75686     7.59299   0.0176941
        9950     7.44997     7.59227   0.0176197
       10000     7.77019     7.59316   0.0175539
       10050     7.78114      7.5941   0.0174914
       10100      7.6082     7.59417   0.0174047
       10150     7.25469     7.59249   0.0173993
       10200     7.49957     7.59204   0.0173198
       10250     7.17169     7.58999   0.0173566
       10300     7.52508     7.58967   0.0172751
       10350     7.04614     7.58705   0.0173908
       10400      7.6553     7.58738   0.0173101
       10450     7.80363     7.58841   0.0172581
       10500     7.96489      7.5902    0.017269
       10550     7.60814     7.59029   0.0171872
       10600     7.46421     7.58969   0.0171163
       10650     7.27114      7.5882   0.0171012
       10700     7.63124      7.5884   0.0170223
       10750     7.42529     7.58764   0.0169599
       10800     8.00339     7.58957   0.0169906
       10850     8.05937     7.59173   0.0170501
       10900     7.31869     7.59048   0.0170179
       10950     7.73431     7.59113   0.0169527
       11000     7.08665     7.58884   0.0170306
       11050     7.21641     7.58716   0.0170369
       11100     7.33554     7.58602   0.0169978
       11150     7.68048     7.58645   0.0169267
       11200     7.87749     7.58775    0.016901
       11250     8.07543     7.58991   0.0169648
       11300     7.82271     7.59094   0.0169209
       11350     7.09078     7.58874   0.0169897
       11400     7.52068     7.58844   0.0169176
       11450     7.06441     7.58615   0.0169983
       11500     7.89306     7.58749   0.0169768
       11550     7.61623     7.58761   0.0169036
       11600     7.52097     7.58732    0.016833
       11650     7.51445     7.58701   0.0167635
       11700      7.5264     7.58675   0.0166938
       11750     7.17284     7.58499   0.0167156
       11800     7.71357     7.58554   0.0166536
       11850     7.83845      7.5866   0.0166174
       11900      7.3062     7.58543   0.0165894
       11950     7.38887      7.5846   0.0165403
       12000     7.41154     7.58388    0.016487
       12050     7.33901     7.58287   0.0164498
       12100     7.43754     7.58226   0.0163927
       12150     7.71085     7.58279   0.0163337
       12200     7.44444     7.58223   0.0162765
       12250     7.54541     7.58208   0.0162106
       12300     7.69376     7.58253    0.016151
       12350     7.53796     7.58235   0.0160865
       12400     7.48172     7.58194   0.0160266
       12450     7.36171     7.58106   0.0159866
       12500     7.80576     7.58196   0.0159479
       12550     7.34247       7.581   0.0159128
       12600     7.37192     7.58018   0.0158713
       12650     7.63156     7.58038   0.0158097
       12700     7.89118      7.5816   0.0157948
       12750     7.75771     7.58229   0.0157479
       12800     7.30605     7.58121   0.0157233
       12850      7.6206     7.58137   0.0156628
       12900     7.42266     7.58075   0.0156141
       12950     7.66973      7.5811   0.0155575
       13000     7.03958     7.57901   0.0156369
       13050     7.03037     7.57691    0.015718
       13100     7.38207     7.57617   0.0156756
       13150     8.04458     7.57795   0.0157171
       13200     7.72811     7.57852   0.0156678
       13250     7.44683     7.57802   0.0156164
       13300     7.19166     7.57657   0.0156253
       13350     7.07878      7.5747   0.0156779
       13400     7.29209     7.57365   0.0156548
       13450     7.73781     7.57426   0.0156085
       13500     7.48205     7.57392   0.0155543
       13550     7.68462     7.57433   0.0155022
       13600     7.47475     7.57396   0.0154494
       13650     7.84979     7.57497   0.0154259
       13700     7.28932     7.57393   0.0154048
       13750     7.25235     7.57276   0.0153931
       13800     7.76497     7.57345   0.0153531
       13850     8.03461     7.57512   0.0153879
       13900     7.13093     7.57352   0.0154154
       13950     6.97055     7.57136   0.0155114
       14000     7.23169     7.57015   0.0155034
       14050     7.83819      7.5711   0.0154776
       14100     7.69756     7.57155   0.0154291
       14150     7.33771     7.57072   0.0153967
       14200     7.79125      7.5715    0.015362
       14250     7.76272     7.57217   0.0153227
       14300      7.7577     7.57282   0.0152828
       14350     7.55401     7.57275   0.0152296
       14400     7.23788     7.57159   0.0152211
       14450     7.86492     7.57261   0.0152023
       14500     7.58398     7.57264   0.0151498
       14550     8.02616      7.5742   0.0151779
       14600      7.7441     7.57479    0.015137
       14650     7.63727       7.575   0.0150868
       14700     7.54474      7.5749   0.0150357
       14750      7.7977     7.57565   0.0150037
       14800     7.63951     7.57587   0.0149545
       14850     7.09203     7.57424   0.0149928
       14900     7.86108      7.5752   0.0149734
       14950     7.48749     7.57491   0.0149261
       15000     7.84421      7.5758   0.0149033
       15050     7.63836     7.57601   0.0148552
       15100      7.5924     7.57607    0.014806
       15150     7.14763     7.57465   0.0148246
       15200     7.73168     7.57517   0.0147848
       15250     7.31847     7.57433   0.0147603
       15300     7.21614     7.57316   0.0147585
       15350     7.93533     7.57434   0.0147575
       15400     7.95042     7.57556   0.0147601
       15450     7.81921     7.57635   0.0147334
       15500     7.27929     7.57539    0.014717
       15550     7.58348     7.57541   0.0146697
       15600     7.47952     7.57511   0.0146258
       15650     7.60913     7.57522   0.0145794
       15700     7.28753      7.5743   0.0145617
       15750     7.24019     7.57324   0.0145541
       15800     7.52795      7.5731   0.0145087
       15850     7.27748     7.57216   0.0144929
       15900      7.3798     7.57156   0.0144599
       15950     7.76775     7.57217   0.0144276
       16000     7.52636     7.57203   0.0143832
       16050     7.65983      7.5723   0.0143409
       16100     8.04126     7.57376   0.0143703
       16150      7.2858     7.57287   0.0143535
       16200     7.76043     7.57345   0.0143208
       16250     7.55944      7.5734   0.0142767
       16300     7.39942     7.57287   0.0142429
       16350     8.00103     7.57418   0.0142595
       16400     8.01799     7.57553   0.0142802
       16450     7.79378      7.5762   0.0142522
       16500     7.50823     7.57599   0.0142104
       16550     7.22547     7.57493   0.0142069
       16600     7.49348     7.57469   0.0141662
       16650     7.71164      7.5751   0.0141296
       16700     7.50426     7.57488   0.0140888
       16750     7.33858     7.57418   0.0140644
       16800     7.75705     7.57472    0.014033
       16850     7.55618     7.57467   0.0139914
       16900     7.63133     7.57484    0.013951
       16950      7.1969     7.57372   0.0139544
       17000       7.723     7.57416   0.0139202
       17050     7.26799     7.57326   0.0139083
       17100     7.76171     7.57381   0.0138785
       17150     7.41902     7.57336   0.0138454
       17200     7.32925     7.57265   0.0138233
       17250     8.02512     7.57396   0.0138454
       17300     7.71878     7.57438   0.0138117
       17350     7.73649     7.57485   0.0137798
       17400     8.12956     7.57644   0.0138323
       17450     7.37686     7.57587   0.0138044
       17500     7.53552     7.57576   0.0137654
       17550     7.26894     7.57488   0.0137539
       17600     7.46115     7.57456   0.0137186
       17650     7.83633      7.5753   0.0136998
       17700     7.49198     7.57507   0.0136631
       17750     7.57555     7.57507   0.0136245
       17800     7.55469     7.57501   0.0135863
       17850     7.83325     7.57573   0.0135675
       17900     7.64877     7.57594   0.0135311
       17950     7.44013     7.57556   0.0134986
       18000     7.59399     7.57561   0.0134612
       18050     7.68101      7.5759    0.013427
       18100     7.92184     7.57686   0.0134239
       18150      7.8488     7.57761   0.0134079
       18200     7.62337     7.57773   0.0133716
       18250     7.58215     7.57774   0.0133349
       18300     7.70267     7.57809   0.0133028
       18350      7.9677     7.57915   0.0133089
       18400     7.03529     7.57767   0.0133547
       18450     7.02772     7.57618   0.0134016
       18500     7.32531      7.5755   0.0133825
       18550     7.76001       7.576   0.0133556
       18600     8.35843      7.5781   0.0134847
       18650     7.59662     7.57815   0.0134486
       18700     7.05254     7.57675    0.013486
       18750      7.4945     7.57653   0.0134518
       18800     7.59971     7.57659   0.0134161
       18850     7.88183      7.5774    0.013405
       18900     7.36086     7.57683   0.0133817
       18950     7.17212     7.57576    0.013389
       19000     7.53303     7.57565   0.0133542
       19050     8.33368     7.57763   0.0134669
       19100     7.84574     7.57834   0.0134499
       19150     7.67355     7.57859   0.0134171
       19200     8.09345     7.57993   0.0134491
       19250     7.70051     7.58024   0.0134178
       19300     7.68249      7.5805   0.0133856
       19350     7.61262     7.58059   0.0133512
       19400     7.35332        7.58   0.0133296
       19450     7.80076     7.58057   0.0133074
       19500     7.94621     7.58151   0.0133063
       19550     7.74477     7.58192   0.0132788
       19600     7.50372     7.58172   0.0132464
       19650     7.29394     7.58099   0.0132329
       19700     7.83528     7.58164   0.0132151
       19750     7.68627      7.5819   0.0131842
       19800     7.66271     7.58211   0.0131525
       19850     8.16884     7.58358   0.0132023
       19900     7.42956      7.5832   0.0131748
       19950     7.27129     7.58242   0.0131649
       20000     7.75786     7.58285   0.0131393
       20050     7.77055     7.58332   0.0131149
       20100     8.34952     7.58523   0.0132203
       20150     7.64336     7.58537   0.0131883
       20200     7.95785     7.58629   0.0131878
       20250     7.39849     7.58583   0.0131634
       20300     7.91537     7.58664    0.013156
       20350     7.71643     7.58696   0.0131275
       20400     7.67566     7.58718   0.0130971
       20450      7.6218     7.58726   0.0130653
       20500     7.65404     7.58743   0.0130344
       20550     7.76503     7.58786   0.0130099
       20600     7.72649      7.5882   0.0129826
       20650     7.59228      7.5882   0.0129511
       20700     7.73488     7.58856   0.0129247
       20750     7.42553     7.58817   0.0128995
       20800     7.82317     7.58873   0.0128808
       20850     7.26611     7.58796   0.0128732
       20900     7.45838     7.58765   0.0128461
       20950     8.10796     7.58889   0.0128754
       21000     7.28661     7.58817   0.0128648
       21050     7.35075     7.58761   0.0128466
       21100     7.44361     7.58726   0.0128207
       21150     7.66892     7.58746   0.0127918
       21200      8.2976     7.58913    0.012871
       21250     7.66423     7.58931   0.0128419
       21300     7.53699     7.58919   0.0128123
       21350     7.51844     7.58902   0.0127834
       21400     8.04398     7.59008   0.0127977
       21450     7.46494     7.58979   0.0127712
       21500     7.47799     7.58953   0.0127441
       21550     7.47398     7.58926   0.0127173
       21600     7.46378     7.58897   0.0126912
       21650     7.66142     7.58914   0.0126629
       21700      7.5999     7.58917   0.0126337
       21750     7.64208     7.58929   0.0126052
       21800     7.51517     7.58912   0.0125775
       21850     7.29405     7.58844   0.0125668
       21900     7.87515      7.5891   0.0125551
       21950     7.33934     7.58853   0.0125394
       22000     7.57328     7.58849   0.0125109
       22050     7.36177     7.58798   0.0124931
       22100     7.49112     7.58776   0.0124667
       22150     7.40215     7.58734   0.0124456
       22200     7.62016     7.58741   0.0124178
       22250     7.45618     7.58712   0.0123934
       22300     7.64015     7.58724   0.0123661
       22350     7.00604     7.58594   0.0124067
       22400     7.73775     7.58628   0.0123836
       22450     7.51801     7.58613    0.012357
       22500     7.75978     7.58651   0.0123355
       22550      7.7494     7.58687   0.0123134
       22600     7.40281     7.58647   0.0122929
       22650     7.60672     7.58651   0.0122658
       22700     7.29852     7.58588   0.0122552
       22750     7.48075     7.58564   0.0122304
       22800      7.4654     7.58538   0.0122064
       22850     7.23673     7.58462   0.0122036
       22900     7.68835     7.58484    0.012179
       22950      7.9029     7.58554   0.0121722
       23000      7.7242     7.58584   0.0121494
       23050     7.37563     7.58538   0.0121316
       23100     7.69566     7.58562   0.0121077
       23150      7.7883     7.58606   0.0120894
       23200     7.60528      7.5861   0.0120634
       23250     7.86951     7.58671   0.0120529
       23300     7.02526     7.58551   0.0120872
       23350     7.69946     7.58575   0.0120637
       23400     7.65792      7.5859   0.0120389
       23450     7.75084     7.58626   0.0120183
       23500     7.68217     7.58646   0.0119945
       23550     7.59266     7.58647    0.011969
       23600     7.63159     7.58657    0.011944
       23650     8.32773     7.58813   0.0120213
       23700      7.4519     7.58785   0.0119993
       23750     7.82805     7.58835   0.0119847
       23800     7.47227     7.58811    0.011962
       23850     7.54524     7.58802   0.0119372
       23900     7.66052     7.58817   0.0119132
       23950     7.09245     7.58714   0.0119333
       24000     7.79159     7.58756    0.011916
       24050     7.78488     7.58797   0.0118983
       24100     7.26389      7.5873   0.0118926
       24150     7.56924     7.58726    0.011868
       24200     7.93308     7.58798    0.011865
       24250     7.67971     7.58817    0.011842
       24300     7.67816     7.58835   0.0118191
       24350      7.6235     7.58842    0.011795
       24400     7.21698     7.58766   0.0117954
       24450     7.60059     7.58769   0.0117713
       24500     7.61021     7.58773   0.0117473
       24550     7.80666     7.58818   0.0117318
       24600     7.79529      7.5886   0.0117155
       24650      7.5572     7.58854   0.0116919
       24700     7.56662     7.58849   0.0116683
       24750     7.71958     7.58876   0.0116477
       24800     7.48856     7.58856    0.011626
       24850     7.46847     7.58831   0.0116051
       24900     7.55088     7.58824    0.011582
       24950     7.70577     7.58848   0.0115611
       25000     7.43156     7.58816   0.0115423
       25050      7.6658     7.58832   0.0115202
       25100     7.40815     7.58796   0.0115029
       25150     7.86483     7.58851   0.0114932
       25200     7.47857     7.58829   0.0114724
       25250     7.21248     7.58755   0.0114738
       25300     7.83421     7.58803   0.0114615
       25350     7.27535     7.58742   0.0114555
       25400     7.86717     7.58797   0.0114462
       25450     7.83895     7.58846   0.0114343
       25500     7.96791      7.5892   0.0114361
       25550     7.65478     7.58933   0.0114144
       25600     7.29844     7.58876   0.0114063
       25650     7.42543     7.58845   0.0113885
       25700     7.47916     7.58823   0.0113683
       25750     7.91093     7.58886   0.0113635
       25800     7.64611     7.58897    0.011342
       25850      7.9097     7.58959    0.011337
       25900     7.36941     7.58917   0.0113231
       25950      7.4485      7.5889   0.0113045
       26000     7.12061     7.58799   0.0113186
       26050     7.62737     7.58807   0.0112971
       26100     7.41209     7.58773   0.0112805
       26150     7.51424     7.58759   0.0112598
       26200     7.49061     7.58741   0.0112398
       26250      7.6013     7.58743   0.0112184
       26300     7.18052     7.58666   0.0112237
       26350     7.48209     7.58646   0.0112042
       26400     7.40778     7.58612    0.011188
       26450     7.54197     7.58604   0.0111672
       26500     7.28252     7.58547   0.0111608
       26550      7.4007     7.58512   0.0111452
       26600     7.35592     7.58469   0.0111326
       26650     7.36302     7.58427   0.0111194
       26700     7.40743     7.58394   0.0111035
       26750     7.93475      7.5846   0.0111021
       26800     7.39551     7.58424    0.011087
       26850     7.78813     7.58462   0.0110729
       26900     8.03013     7.58545   0.0110832
       26950     7.55194     7.58539   0.0110628
       27000     6.98174     7.58427   0.0110988
       27050     7.56871     7.58424   0.0110783
       27100     7.73539     7.58452   0.0110613
       27150      7.6798      7.5847   0.0110423
       27200     7.91561     7.58531   0.0110388
       27250     8.08442     7.58622   0.0110565
       27300      7.5436     7.58614   0.0110365
       27350     7.23545      7.5855    0.011035
       27400     7.45221     7.58526   0.0110175
       27450     7.31478     7.58477   0.0110084
       27500     7.61574     7.58482   0.0109885
       27550     7.53955     7.58474   0.0109689
       27600     7.30666     7.58424   0.0109606
       27650     7.92653     7.58486   0.0109582
       27700     7.80305     7.58525   0.0109455
       27750     7.71134     7.58548   0.0109282
       27800     7.49534     7.58531   0.0109097
       27850     7.62085     7.58538   0.0108903
       27900     7.42242     7.58509   0.0108747
       27950     7.38855     7.58474   0.0108609
       28000     7.49952     7.58458   0.0108425
       28050     7.18683     7.58387   0.0108464
       28100     7.78979     7.58424   0.0108333
       28150     7.91341     7.58482   0.0108298
       28200     7.33071     7.58437     0.01082
       28250     7.58636     7.58438   0.0108008
       28300     7.61144     7.58443   0.0107818
       28350     7.65641     7.58455   0.0107635
       28400     7.93256     7.58517    0.010762
       28450     7.63579     7.58525   0.0107435
       28500     7.56925     7.58523   0.0107246
       28550     7.83578     7.58567   0.0107148
       28600     7.45514     7.58544   0.0106985
       28650     7.51162     7.58531   0.0106806
       28700     7.64794     7.58542   0.0106625
       28750       7.691      7.5856   0.0106455
       28800     7.52317     7.58549   0.0106276
       28850     7.59831     7.58551   0.0106092
       28900     7.64719     7.58562   0.0105914
       28950      7.2454     7.58503   0.0105894
       29000     7.37272     7.58467   0.0105774
       29050     7.74355     7.58494   0.0105627
       29100     7.96329     7.58559   0.0105646
       29150     8.00529     7.58631    0.010571
       29200     7.34307     7.58589   0.0105611
       29250     7.71468     7.58611   0.0105453
       29300     7.97999     7.58679   0.0105488
       29350     7.59607      7.5868   0.0105308
       29400     7.74027     7.58706   0.0105161
       29450      7.4154     7.58677   0.0105023
       29500      7.8403      7.5872   0.0104933
       29550      7.6527     7.58731   0.0104761
       29600     7.93745      7.5879   0.0104751
       29650     7.77574     7.58822   0.0104622
       29700     7.28361     7.58771   0.0104571
       29750     7.51751     7.58759   0.0104402
       29800     7.13854     7.58684   0.0104499
       29850     7.56125     7.58679   0.0104325
       29900     7.82746      7.5872   0.0104228
       29950     7.51515     7.58708   0.0104061
       30000     7.44759     7.58684   0.0103913
       30050     7.61649     7.58689   0.0103741
       30100     7.60183     7.58692   0.0103569
       30150     7.51256     7.58679   0.0103404
       30200     7.95387      7.5874   0.0103412
       30250     7.66529     7.58753   0.0103249
       30300     7.43571     7.58728   0.0103109
       30350     7.58829     7.58728   0.0102939
       30400     7.47214     7.58709   0.0102787
       30450     7.51678     7.58698   0.0102624
       30500     7.76098     7.58726   0.0102496
       30550     7.68515     7.58742    0.010234
       30600     7.55327     7.58737   0.0102174
       30650     7.36245       7.587   0.0102074
       30700      7.6058     7.58703   0.0101908
       30750     7.45649     7.58682   0.0101764
       30800     7.16831     7.58614   0.0101825
       30850     7.55429     7.58609   0.0101662
       30900      7.8517     7.58652   0.0101588
       30950      7.8227      7.5869   0.0101495
       31000     7.49858     7.58676   0.0101342
       31050     7.12197     7.58601   0.0101455
       31100     7.60547     7.58604   0.0101292
       31150     7.67913     7.58619    0.010114
       31200     7.62966     7.58626    0.010098
       31250      7.8442     7.58667   0.0100903
       31300     7.39086     7.58636    0.010079
       31350     7.63318     7.58643   0.0100632
       31400      7.2601     7.58591   0.0100606
       31450     7.30577     7.58547   0.0100545
       31500     7.55646     7.58542   0.0100386
       31550      7.0129     7.58451   0.0100637
       31600     7.31278     7.58408   0.0100569
       31650     7.44983     7.58387   0.0100433
       31700     7.39489     7.58357   0.0100319
       31750     7.53189     7.58349   0.0100164
       31800     7.58488     7.58349   0.0100006
       31850     7.46857     7.58331  0.00998654
       31900     7.30186     7.58287  0.00998063
       31950      7.4842     7.58272  0.00996619
       32000     7.56126     7.58269  0.00995066
       32050     7.58042     7.58268  0.00993513
       32100     7.62929     7.58275  0.00991991
       32150     7.92684     7.58329  0.00991891
       32200     7.74848     7.58355  0.00990682
       32250     7.99145     7.58418  0.00991164
       32300      7.5327      7.5841  0.00989661
       32350     8.21706     7.58508  0.00992961
       32400     7.49764     7.58494  0.00991519
       32450     7.98542     7.58556  0.00991912
       32500     7.81303     7.58591  0.00991003
       32550      7.6225     7.58597  0.00989495
       32600     7.44446     7.58575  0.00988215
       32650      7.3453     7.58538  0.00987387
       32700     7.12451     7.58468  0.00988391
       32750     7.74439     7.58492  0.00987182
       32800     7.79929     7.58525  0.00986218
       32850     7.78267     7.58555  0.00985174
       32900     8.30122     7.58663  0.00989671
       32950     7.88403     7.58709  0.00989198
       33000     7.51105     7.58697  0.00987765
       33050     7.56705     7.58694  0.00986274
       33100     7.45822     7.58675  0.00984975
       33150     7.53988     7.58667  0.00983514
       33200     7.36584     7.58634  0.00982594
       33250     7.94928     7.58689  0.00982632
       33300     7.67654     7.58702  0.00981248
       33350       7.488     7.58687  0.00979888
       33400     7.88315     7.58732  0.00979425
       33450     7.51969     7.58722  0.00978012
       33500     7.52024     7.58712  0.00976603
       33550     8.27219     7.58814  0.00980476
       33600     7.59166     7.58814  0.00979016
       33650     7.67247     7.58827  0.00977641
       33700     7.23164     7.58774  0.00977622
       33750     7.38431     7.58744  0.00976638
       33800     7.71279     7.58762  0.00975368
       33850      7.6849     7.58777  0.00974033
       33900     7.70993     7.58795  0.00972762
       33950     7.66822     7.58807    0.009714
       34000     7.29377     7.58763  0.00970936
       34050     7.63865     7.58771  0.00969538
       34100     7.49968     7.58758  0.00968201
       34150       7.828     7.58793  0.00967423
       34200       7.741     7.58815  0.00966267
       34250      7.6636     7.58826  0.00964918
       34300     7.85719     7.58866  0.00964308
       34350      7.6868      7.5888  0.00963009
       34400     7.81957     7.58913  0.00962193
       34450     7.93682     7.58964   0.0096212
       34500     7.74575     7.58987  0.00960991
       34550     7.72604     7.59006  0.00959801
       34600      7.5972     7.59007  0.00958414
       34650     7.60043     7.59009  0.00957031
       34700     7.01231     7.58926  0.00959271
       34750     7.61777      7.5893  0.00957898
       34800     7.89094     7.58973  0.00957502
       34850     8.10248     7.59047  0.00958953
       34900     7.47412      7.5903  0.00957724
       34950     7.64881     7.59038  0.00956389
       35000     7.82801     7.59072  0.00955625
       35050     7.66086     7.59082  0.00954313
       35100      7.6432      7.5909  0.00952982
       35150     7.49525     7.59076  0.00951723
       35200     7.39584     7.59048  0.00950773
       35250     8.07195     7.59117  0.00951877
       35300     7.73032     7.59136  0.00950732
       35350     7.41639     7.59112  0.00949708
       35400      7.4585     7.59093  0.00948551
       35450     7.44458     7.59072  0.00947437
       35500     7.41023     7.59047  0.00946443
       35550     7.61818     7.59051  0.00945119
       35600     7.33085     7.59014  0.00944495
       35650     7.55501     7.59009  0.00943182
       35700     7.57152     7.59007  0.00941864
       35750     8.05357     7.59072  0.00942777
       35800     7.52791     7.59063    0.009415
       35850     7.35839      7.5903  0.00940744
       35900     7.47878     7.59015  0.00939561
       35950     7.73169     7.59035   0.0093846
       36000     7.63742     7.59041  0.00937179
       36050     8.01072     7.59099  0.00937692
       36100     7.28226     7.59057  0.00937368
       36150      7.6328     7.59062  0.00936089
       36200     7.25426     7.59016  0.00935949
       36250     7.68588     7.59029   0.0093475
       36300     7.20381     7.58976  0.00934979
       36350     7.70543     7.58992  0.00933827
       36400      7.6796     7.59004  0.00932625
       36450     7.75252     7.59026  0.00931611
       36500     7.26556     7.58982  0.00931397
       36550      7.4031     7.58956  0.00930473
       36600     7.56927     7.58954  0.00929205
       36650     7.43806     7.58933  0.00928166
       36700     7.77674     7.58959  0.00927253
       36750     7.48401     7.58944  0.00926101
       36800     7.27214     7.58901  0.00925847
       36850     7.69104     7.58915  0.00924693
       36900     7.77323      7.5894  0.00923776
       36950     7.54489     7.58934  0.00922545
       37000     7.41314      7.5891  0.00921605
       37050     7.63709     7.58917  0.00920383
       37100     7.26048     7.58872  0.00920209
       37150     7.81322     7.58902  0.00919466
       37200     7.46377     7.58886  0.00918384
       37250     8.14214      7.5896  0.00920152
       37300     7.46395     7.58943  0.00919072
       37350     7.36561     7.58913   0.0091833
       37400     7.55683     7.58909  0.00917112
       37450     7.98551     7.58962  0.00917414
       37500     7.66171     7.58971  0.00916241
       37550     7.53699     7.58964  0.00915047
       37600     7.19812     7.58912  0.00915311
       37650     7.59306     7.58913  0.00914095
       37700      7.5937     7.58913  0.00912882
       37750     7.35908     7.58883  0.00912181
       37800     7.61735     7.58887  0.00910981
       37850     7.38559      7.5886  0.00910173
       37900     7.51035     7.58849  0.00909031
       37950     7.57839     7.58848  0.00907833
       38000     7.72945     7.58867  0.00906827
       38050     7.35931     7.58837  0.00906136
       38100     7.70228     7.58851   0.0090507
       38150     7.68573     7.58864  0.00903973
       38200     7.53489     7.58857  0.00902816
       38250     7.86224     7.58893  0.00902345
       38300       7.422     7.58871  0.00901429
       38350     7.18656     7.58819  0.00901779
       38400     7.78894     7.58845  0.00900983
       38450     7.50531     7.58834  0.00899876
       38500     7.59581     7.58835  0.00898707
       38550     7.21407     7.58786  0.00898852
       38600     7.17537     7.58733  0.00899276
       38650     7.09291     7.58669  0.00900387
       38700     7.26761     7.58628  0.00900167
       38750     7.40256     7.58604  0.00899317
       38800     7.28939     7.58566  0.00898971
       38850     7.31079     7.58531   0.0089851
       38900     7.47466     7.58516  0.00897467
       38950     7.66366     7.58526  0.00896371
       39000     7.88803     7.58565  0.00896062
       39050      7.7548     7.58587  0.00895176
       39100     7.70554     7.58602  0.00894161
       39150     7.81953     7.58632  0.00893516
       39200      7.7763     7.58656  0.00892705
       39250     8.24301      7.5874   0.0089548
       39300     7.68192     7.58752  0.00894421
       39350     7.28903     7.58714  0.00894088
       39400     7.53351     7.58707  0.00892979
       39450     7.69171      7.5872  0.00891945
       39500     7.97874      7.5877  0.00892193
       39550     7.78308     7.58795  0.00891407
       39600     7.73656     7.58813  0.00890478
       39650     7.89184     7.58852  0.00890179
       39700     8.06262     7.58911   0.0089106
       39750     7.45122     7.58894  0.00890107
       39800     7.45763     7.58878  0.00889141
       39850     6.98485     7.58802  0.00891252
       39900     7.76243     7.58824  0.00890403
       39950     7.45873     7.58807  0.00889435
       40000     7.33608     7.58776  0.00888881
       40050     7.51299     7.58767   0.0088782
       40100     7.61994     7.58771  0.00886721
       40150     7.82852     7.58801  0.00886124
       40200     7.87361     7.58836  0.00885734
       40250     7.86476     7.58871  0.00885299
       40300     7.99792     7.58921  0.00885656
       40350     7.92587     7.58963  0.00885541
       40400     7.28065     7.58925  0.00885271
       40450      7.4031     7.58902  0.00884475
       40500     7.72262     7.58918  0.00883537
       40550     8.23404     7.58998  0.00886022
       40600     7.97651     7.59045  0.00886209
       40650     7.16771     7.58993  0.00886645
       40700     7.21971     7.58948  0.00886722
       40750     7.22731     7.58903  0.00886747
       40800     7.79525     7.58929  0.00886021
       40850     7.17655     7.58878  0.00886376
       40900      7.1956      7.5883  0.00886596
       40950     7.87454     7.58865  0.00886202
       41000     7.41251     7.58844  0.00885381
       41050      7.4187     7.58823  0.00884544
       41100     7.17211     7.58772  0.00884916
       41150      7.3678     7.58746  0.00884244
       41200     7.44439     7.58728  0.00883341
       41250     7.80886     7.58755  0.00882678
       41300     7.45353     7.58739  0.00881758
       41350     7.76033      7.5876   0.0088094
       41400     7.18634     7.58711  0.00881209
       41450     7.71006     7.58726   0.0088027
       41500     7.62618     7.58731  0.00879221
       41550     7.77798     7.58754  0.00878462
       41600     7.77828     7.58777  0.00877705
       41650     7.50409     7.58767  0.00876709
       41700     7.15079     7.58714  0.00877222
       41750       7.686     7.58726  0.00876251
       41800     8.04274     7.58781  0.00876897
       41850     7.39996     7.58758  0.00876136
       41900     7.42827     7.58739  0.00875296
       41950      7.7879     7.58763  0.00874579
       42000     7.57296     7.58761  0.00873539
       42050     7.53201     7.58755  0.00872524
       42100     7.54648      7.5875  0.00871501
       42150     8.04891     7.58805  0.00872186
       42200     7.88625      7.5884  0.00871868
       42250     8.03623     7.58893  0.00872447
       42300     7.91718     7.58932  0.00872278
       42350     7.24554     7.58891  0.00872193
       42400     7.53919     7.58885  0.00871183
       42450     7.72753     7.58902   0.0087031
       42500     7.62126     7.58905  0.00869294
       42550     7.44133     7.58888  0.00868445
       42600     7.59948     7.58889  0.00867426
       42650     7.44719     7.58873  0.00866568
       42700     7.66702     7.58882  0.00865601
       42750     7.35726     7.58855  0.00865012
       42800     8.01504     7.58905  0.00865437
       42850     8.33138     7.58991  0.00868755
       42900     7.63116     7.58996  0.00867755
       42950       7.543      7.5899  0.00866762
       43000     7.62893     7.58995  0.00865765
       43050     8.06641      7.5905  0.00866528
       43100     8.10026     7.59109   0.0086754
       43150     7.78084     7.59131  0.00866813
       43200      7.8506     7.59161  0.00866329
       43250     8.14545     7.59226  0.00867693
       43300     7.37603     7.59201   0.0086705
       43350     8.10234     7.59259  0.00868047
       43400     7.50268     7.59249  0.00867108
       43450     7.57961     7.59248  0.00866111
       43500     7.72207     7.59262  0.00865243
       43550      7.7122     7.59276  0.00864358
       43600     7.39396     7.59253  0.00863667
       43650     7.73035     7.59269  0.00862822
       43700      7.6108     7.59271  0.00861837
       43750     7.55125     7.59267  0.00860864
       43800     7.96912     7.59309  0.00860954
       43850     7.96473     7.59352  0.00861015
       43900     8.04983     7.59404  0.00861603
       43950     7.49518     7.59393  0.00860696
       44000     7.48657      7.5938  0.00859804
       44050     7.55874     7.59376  0.00858836
       44100     7.35158     7.59349  0.00858301
       44150     7.44284     7.59332  0.00857499
       44200     7.66587      7.5934  0.00856567
       44250     7.44211     7.59323   0.0085577
       44300     7.36827     7.59298   0.0085518
       44350     7.00525     7.59231  0.00856781
       44400      7.8088     7.59256  0.00856163
       44450     7.91712     7.59292  0.00855979
       44500     7.32039     7.59262  0.00855564
       44550     7.23607     7.59222   0.0085554
       44600     7.67174     7.59231  0.00854627
       44650     7.99481     7.59276  0.00854858
       44700     7.50224     7.59265  0.00853962
       44750     7.30729     7.59234  0.00853603
       44800     7.55518     7.59229  0.00852659
       44850     8.25457     7.59303  0.00854903
       44900     7.75294     7.59321  0.00854136
       44950     7.77064     7.59341  0.00853413
       45000     7.46271     7.59326  0.00852588
       45050     7.46332     7.59312  0.00851764
       45100     7.50026     7.59302  0.00850881
       45150      7.4587     7.59287  0.00850068
       45200     7.53959     7.59281  0.00849148
       45250     7.36368     7.59255  0.00848587
       45300     7.60858     7.59257  0.00847652
       45350     7.48806     7.59246  0.00846795
       45400     7.37313     7.59222  0.00846207
       45450     7.33796     7.59194  0.00845738
       45500     7.49986     7.59183  0.00844869
       45550     7.55717      7.5918  0.00843949
       45600     7.87137      7.5921  0.00843581
       45650     8.01444     7.59257  0.00843925
       45700     7.79231     7.59278  0.00843284
       45750      7.8028     7.59301  0.00842675
       45800     7.32925     7.59273  0.00842247
       45850     7.46952     7.59259  0.00841435
       45900     7.59968      7.5926  0.00840518
       45950     7.51827     7.59252  0.00839642
       46000      7.4625     7.59238  0.00838848
       46050     7.23406     7.59199  0.00838839
       46100     8.07086     7.59251  0.00839537
       46150     7.38875     7.59229  0.00838918
       46200     7.55863     7.59225  0.00838017
       46250       7.596     7.59225  0.00837111
       46300     7.64761     7.59231  0.00836228
       46350     7.67298      7.5924   0.0083537
       46400     7.72798     7.59255  0.00834598
       46450     7.84127     7.59282  0.00834129
       46500     7.57826      7.5928  0.00833233
       46550     7.69504     7.59291   0.0083241
       46600     7.60318     7.59292  0.00831517
       46650     7.28672     7.59259  0.00831273
       46700     8.00864     7.59304  0.00831576
       46750     7.72668     7.59318   0.0083081
       46800     7.46004     7.59304  0.00830043
       46850     7.24998     7.59267  0.00829965
       46900     7.64037     7.59272  0.00829095
       46950     7.41223     7.59253  0.00828435
       47000     7.89091     7.59285  0.00828162
       47050      7.5117     7.59276  0.00827326
       47100     7.85802     7.59304  0.00826927
       47150     7.06242     7.59248  0.00827964
       47200     7.97267     7.59288  0.00828066
       47250     7.87732     7.59318  0.00827737
       47300     8.06736     7.59369  0.00828379
       47350     7.91492     7.59402  0.00828199
       47400     7.88848     7.59434  0.00827908
       47450     7.37534      7.5941  0.00827357
       47500     7.41398     7.59392  0.00826703
       47550     7.48554      7.5938  0.00825912
       47600     7.25558     7.59345  0.00825808
       47650     6.96137     7.59278  0.00827603
       47700     7.96961     7.59318  0.00827678
       47750     8.04921     7.59366  0.00828189
       47800     7.41771     7.59347  0.00827527
       47850     7.46883     7.59334  0.00826764
       47900     7.70483     7.59346  0.00825983
       47950      7.6132     7.59348  0.00825124
       48000     7.44628     7.59332  0.00824406
       48050     7.67894     7.59341  0.00823596
       48100      7.6728      7.5935  0.00822781
       48150     7.98232      7.5939  0.00822917
       48200     8.20083     7.59453  0.00824471
       48250     7.33303     7.59426  0.00824062
       48300     7.21806     7.59387  0.00824129
       48350     7.73086     7.59401  0.00823398
       48400     7.39426      7.5938  0.00822806
       48450     7.55231     7.59376  0.00821967
       48500      7.2924     7.59345  0.00821707
       48550      7.5881     7.59345  0.00820861
       48600     7.67454     7.59353  0.00820058
       48650     7.47599     7.59341  0.00819304
       48700     7.53949     7.59335  0.00818481
       48750     7.17381     7.59292  0.00818773
       48800     7.37515      7.5927  0.00818237
       48850     7.83486     7.59295  0.00817775
       48900     7.46896     7.59282  0.00817037
       48950      7.2604     7.59248  0.00816908
       49000     7.48133     7.59237  0.00816153
       49050     7.67139     7.59245   0.0081536
       49100     7.44078     7.59229  0.00814676
       49150     7.34933     7.59205  0.00814222
       49200     7.76821     7.59223  0.00813591
       49250     7.81285     7.59245  0.00813073
       49300     7.49554     7.59235  0.00812308
       49350     7.62265     7.59238   0.0081149
       49400     8.15685     7.59295  0.00812679
       49450     7.37455     7.59273  0.00812157
       49500     7.52201     7.59266  0.00811368
       49550     7.88155     7.59295  0.00811073
       49600     7.39648     7.59275  0.00810497
       49650     7.37364     7.59253  0.00809981
       49700     7.63922     7.59258  0.00809179
       49750      7.5745     7.59256  0.00808367
       49800     7.49224     7.59246  0.00807618
       49850      7.8124     7.59268  0.00807109
       49900     7.22358     7.59231  0.00807148
       49950       7.508     7.59223  0.00806384
       50000      7.1953     7.59183  0.00806554
