          50    -7.58453    -7.58453           0
         100    -7.59811    -7.59132  0.00679088
         150    -7.50403    -7.56222   0.0293593
         200    -7.43348    -7.53004   0.0383006
         250    -7.58705    -7.54144   0.0317835
         300    -7.46074    -7.52799   0.0292297
         350    -7.58241    -7.53576    0.025898
         400    -7.54887     -7.5374   0.0224881
         450    -7.53056    -7.53664   0.0198473
         500    -7.55042    -7.53802   0.0178053
         550    -7.44844    -7.52988   0.0180472
         600    -7.57379    -7.53354   0.0168762
         650    -7.54283    -7.53425   0.0155403
         700    -7.51985    -7.53322   0.0144243
         750     -7.5854     -7.5367   0.0138714
         800    -7.61017    -7.54129    0.013764
         850    -7.55578    -7.54214   0.0129571
         900    -7.56554    -7.54344    0.012285
         950    -7.52959    -7.54271   0.0116433
        1000    -7.56006    -7.54358   0.0110798
        1050    -7.45623    -7.53942   0.0113302
        1100    -7.56422    -7.54055   0.0108616
        1150    -7.45586    -7.53687   0.0110125
        1200    -7.46735    -7.53397   0.0109343
        1250    -7.53443    -7.53399   0.0104878
        1300    -7.55254     -7.5347   0.0101016
        1350    -7.56236    -7.53573  0.00977409
        1400    -7.54857    -7.53619  0.00942971
        1450    -7.60201    -7.53846   0.0093776
        1500    -7.59176    -7.54023  0.00923219
        1550    -7.52332    -7.53969  0.00894607
        1600    -7.55376    -7.54013  0.00867316
        1650    -7.61839     -7.5425  0.00873439
        1700    -7.61799    -7.54472  0.00875967
        1750    -7.54579    -7.54475  0.00850577
        1800    -7.51225    -7.54385  0.00831526
        1850     -7.5308    -7.54349  0.00809509
        1900    -7.61758    -7.54544  0.00811682
        1950    -7.52617    -7.54495  0.00792139
        2000    -7.60643    -7.54649  0.00787233
        2050     -7.5188    -7.54581  0.00770755
        2100    -7.54653    -7.54583  0.00752182
        2150    -7.60619    -7.54723  0.00747775
        2200    -7.48427     -7.5458  0.00744463
        2250    -7.49222    -7.54461  0.00737408
        2300     -7.5866    -7.54552  0.00726952
        2350    -7.59446    -7.54656  0.00718897
        2400    -7.50034     -7.5456  0.00710319
        2450    -7.57546    -7.54621  0.00698336
        2500    -7.49297    -7.54515  0.00692462
        2550    -7.49714     -7.5442  0.00685244
        2600    -7.57193    -7.54474  0.00674049
        2650    -7.51114     -7.5441  0.00664241
        2700    -7.60893     -7.5453  0.00662788
        2750    -7.51704    -7.54479  0.00652653
        2800    -7.55528    -7.54498  0.00641166
        2850    -7.53983    -7.54489  0.00629882
        2900    -7.65598     -7.5468  0.00647888
        2950    -7.59807    -7.54767  0.00642714
        3000    -7.58141    -7.54823  0.00634408
        3050    -7.58014    -7.54876  0.00626109
        3100    -7.56402      -7.549  0.00616419
        3150    -7.45537    -7.54752    0.006245
        3200     -7.6191    -7.54864  0.00624759
        3250     -7.4543    -7.54718  0.00631962
        3300    -7.49747    -7.54643  0.00626855
        3350    -7.61128     -7.5474  0.00624969
        3400    -7.57141    -7.54775  0.00616721
        3450    -7.50735    -7.54717  0.00610532
        3500    -7.51213    -7.54667  0.00603826
        3550    -7.55003    -7.54671  0.00595279
        3600    -7.51107    -7.54622  0.00589037
        3650    -7.56266    -7.54644  0.00581348
        3700    -7.52949    -7.54621  0.00573896
        3750    -7.55519    -7.54633  0.00566319
        3800    -7.49392    -7.54564  0.00563057
        3850    -7.52011    -7.54531  0.00556685
        3900    -7.46704    -7.54431  0.00558588
        3950    -7.46158    -7.54326  0.00561326
        4000    -7.53851     -7.5432  0.00554297
        4050    -7.61454    -7.54408  0.00554451
        4100    -7.52516    -7.54385  0.00548134
        4150    -7.58731    -7.54438  0.00544015
        4200     -7.6091    -7.54515  0.00542994
        4250    -7.50547    -7.54468  0.00538595
        4300    -7.50508    -7.54422  0.00534283
        4350    -7.59764    -7.54483  0.00531664
        4400     -7.5831    -7.54527  0.00527383
        4450    -7.61632    -7.54607    0.005275
        4500    -7.54798    -7.54609   0.0052161
        4550    -7.51321    -7.54573   0.0051711
        4600    -7.53766    -7.54564  0.00511534
        4650    -7.61501    -7.54639  0.00511472
        4700    -7.59569    -7.54691  0.00508713
        4750    -7.55102    -7.54695  0.00503348
        4800    -7.55977    -7.54709  0.00498256
        4850    -7.49971     -7.5466  0.00495506
        4900    -7.51384    -7.54626  0.00491562
        4950    -7.49295    -7.54573  0.00489543
        5000    -7.53938    -7.54566  0.00484664
        5050    -7.60575    -7.54626  0.00483515
        5100    -7.54066     -7.5462  0.00478783
        5150    -7.49344    -7.54569  0.00476871
        5200    -7.56484    -7.54587  0.00472622
        5250    -7.49378    -7.54538  0.00470721
        5300    -7.47947    -7.54476  0.00470387
        5350    -7.51892    -7.54451  0.00466595
        5400    -7.48163    -7.54393  0.00465908
        5450    -7.57689    -7.54423  0.00462602
        5500    -7.65727    -7.54526  0.00469755
        5550     -7.5917    -7.54568  0.00467381
        5600    -7.57107    -7.54591  0.00463743
        5650    -7.48536    -7.54537  0.00462734
        5700    -7.53687     -7.5453  0.00458717
        5750    -7.52192    -7.54509  0.00455165
        5800    -7.49058    -7.54462  0.00453665
        5850    -7.54489    -7.54463  0.00449771
        5900    -7.54382    -7.54462  0.00445944
        5950    -7.55508    -7.54471  0.00442268
        6000    -7.63776    -7.54548  0.00445369
        6050    -7.59147    -7.54586  0.00443305
        6100    -7.55752    -7.54596   0.0043976
        6150    -7.58039    -7.54624  0.00437067
        6200    -7.61874    -7.54682  0.00437453
        6250    -7.54613    -7.54682  0.00433939
        6300    -7.59824    -7.54723  0.00432412
        6350    -7.49334     -7.5468  0.00431086
        6400    -7.57265      -7.547  0.00428182
        6450     -7.4743    -7.54644  0.00428571
        6500    -7.49838    -7.54607  0.00426865
        6550    -7.54735    -7.54608  0.00423595
        6600    -7.51737    -7.54586  0.00420936
        6650    -7.50015    -7.54552   0.0041917
        6700     -7.5495    -7.54555  0.00416041
        6750    -7.57148    -7.54574  0.00413394
        6800    -7.58981    -7.54606  0.00411621
        6850    -7.58016    -7.54631  0.00409362
        6900    -7.55837     -7.5464  0.00406479
        6950    -7.52677    -7.54626  0.00403791
        7000    -7.55155     -7.5463  0.00400914
        7050    -7.58211    -7.54655  0.00398871
        7100    -7.56157    -7.54666  0.00396193
        7150    -7.51465    -7.54643  0.00394049
        7200    -7.60693    -7.54685  0.00393552
        7250    -7.62275    -7.54738  0.00394317
        7300    -7.51782    -7.54717   0.0039213
        7350    -7.53045    -7.54706   0.0038962
        7400    -7.52881    -7.54694  0.00387174
        7450    -7.48279    -7.54651   0.0038697
        7500    -7.57681    -7.54671  0.00384912
        7550    -7.61689    -7.54717  0.00385169
        7600    -7.55489    -7.54722   0.0038266
        7650    -7.55859     -7.5473  0.00380224
        7700    -7.49503    -7.54696  0.00379268
        7750    -7.59252    -7.54725  0.00377958
        7800    -7.49545    -7.54692  0.00376993
        7850    -7.47772    -7.54648  0.00377169
        7900    -7.56584     -7.5466  0.00374974
        7950    -7.54286    -7.54658  0.00372616
        8000    -7.48131    -7.54617   0.0037252
        8050    -7.52308    -7.54603  0.00370477
        8100    -7.55404    -7.54608  0.00368216
        8150    -7.54827    -7.54609  0.00365953
        8200    -7.53265    -7.54601  0.00363807
        8250    -7.54763    -7.54602  0.00361597
        8300    -7.55763    -7.54609   0.0035948
        8350    -7.61093    -7.54648  0.00359424
        8400    -7.53364     -7.5464   0.0035736
        8450    -7.50841    -7.54618   0.0035595
        8500    -7.53391     -7.5461  0.00353923
        8550    -7.52925      -7.546  0.00351985
        8600    -7.55112    -7.54603  0.00349946
        8650    -7.61713    -7.54645  0.00350336
        8700    -7.61264    -7.54683  0.00350388
        8750    -7.56119    -7.54691  0.00348476
        8800    -7.54397    -7.54689  0.00346495
        8850    -7.53144     -7.5468  0.00344642
        8900    -7.54122    -7.54677  0.00342715
        8950    -7.51951    -7.54662  0.00341135
        9000    -7.53934    -7.54658  0.00339259
        9050    -7.51018    -7.54638  0.00337978
        9100    -7.59139    -7.54663  0.00337024
        9150    -7.61599      -7.547  0.00337314
        9200    -7.56286    -7.54709  0.00335586
        9250    -7.49971    -7.54683  0.00334748
        9300    -7.53974     -7.5468  0.00332966
        9350    -7.54261    -7.54677  0.00331188
        9400    -7.50898    -7.54657  0.00330034
        9450    -7.57893    -7.54674   0.0032873
        9500    -7.46846    -7.54633   0.0032958
        9550    -7.51573    -7.54617  0.00328242
        9600    -7.54095    -7.54615  0.00326539
        9650    -7.58139    -7.54633  0.00325355
        9700    -7.61009    -7.54666  0.00325338
        9750    -7.51279    -7.54648  0.00324131
        9800     -7.5759    -7.54663  0.00322822
        9850    -7.55855    -7.54669  0.00321237
        9900    -7.51685    -7.54654  0.00319965
        9950    -7.57541    -7.54669  0.00318684
       10000     -7.5131    -7.54652  0.00317531
       10050    -7.51406    -7.54636   0.0031636
       10100    -7.54568    -7.54635   0.0031479
       10150    -7.60687    -7.54665   0.0031465
       10200    -7.56265    -7.54673  0.00313202
       10250    -7.62137     -7.5471   0.0031379
       10300    -7.55467    -7.54713  0.00312285
       10350    -7.64403     -7.5476  0.00314278
       10400    -7.53621    -7.54755  0.00312811
       10450    -7.51065    -7.54737  0.00311811
       10500     -7.4773    -7.54704  0.00312111
       10550    -7.54418    -7.54702  0.00310631
       10600    -7.56698    -7.54712  0.00309306
       10650    -7.60744     -7.5474   0.0030915
       10700    -7.53839    -7.54736  0.00307731
       10750    -7.57715     -7.5475   0.0030661
       10800    -7.47042    -7.54714  0.00307266
       10850    -7.46316    -7.54675  0.00308286
       10900    -7.59892    -7.54699    0.003078
       10950    -7.51727    -7.54686  0.00306692
       11000    -7.63652    -7.54726  0.00308003
       11050    -7.61481    -7.54757  0.00308126
       11100    -7.59193    -7.54777  0.00307385
       11150     -7.5308    -7.54769  0.00306098
       11200    -7.49658    -7.54746  0.00305581
       11250     -7.4566    -7.54706  0.00306889
       11300    -7.50349    -7.54687  0.00306135
       11350    -7.63612    -7.54726   0.0030731
       11400    -7.56023    -7.54732  0.00306012
       11450    -7.63716    -7.54771  0.00307188
       11500    -7.49256    -7.54747  0.00306788
       11550    -7.54126    -7.54744  0.00305469
       11600    -7.55577    -7.54748   0.0030417
       11650    -7.55982    -7.54753  0.00302909
       11700    -7.56258     -7.5476   0.0030168
       11750    -7.62488    -7.54793  0.00302188
       11800     -7.5212    -7.54781  0.00301118
       11850    -7.50626    -7.54764  0.00300357
       11900     -7.6001    -7.54786  0.00299903
       11950     -7.5868    -7.54802   0.0029909
       12000    -7.58433    -7.54817  0.00298225
       12050    -7.59371    -7.54836  0.00297585
       12100     -7.5744    -7.54847  0.00296548
       12150    -7.52642    -7.54838  0.00295465
       12200    -7.57142    -7.54847  0.00294403
       12250    -7.55485     -7.5485  0.00293211
       12300    -7.52491     -7.5484  0.00292174
       12350    -7.55656    -7.54843  0.00291007
       12400     -7.5664    -7.54851  0.00289922
       12450    -7.59121    -7.54868  0.00289264
       12500    -7.50913    -7.54852  0.00288538
       12550     -7.5918    -7.54869  0.00287903
       12600    -7.58601    -7.54884  0.00287141
       12650    -7.54175    -7.54881  0.00286017
       12700    -7.49174    -7.54859  0.00285774
       12750    -7.51592    -7.54846  0.00284939
       12800     -7.5991    -7.54866  0.00284512
       12850    -7.54082    -7.54863   0.0028342
       12900    -7.57364    -7.54872  0.00282485
       12950    -7.53598    -7.54868  0.00281436
       13000    -7.64499    -7.54905  0.00282788
       13050    -7.65314    -7.54944  0.00284512
       13100    -7.58488    -7.54958  0.00283746
       13150    -7.46966    -7.54928  0.00284294
       13200    -7.52786    -7.54919  0.00283331
       13250    -7.57277    -7.54928    0.002824
       13300    -7.61911    -7.54955  0.00282559
       13350    -7.63683    -7.54987   0.0028339
       13400    -7.60281    -7.55007  0.00283021
       13450    -7.52564    -7.54998  0.00282113
       13500    -7.56976    -7.55005  0.00281162
       13550     -7.5291    -7.54998  0.00280229
       13600    -7.56972    -7.55005  0.00279291
       13650    -7.50622    -7.54989  0.00278729
       13700    -7.60513    -7.55009  0.00278441
       13750    -7.60703     -7.5503  0.00278198
       13800    -7.51467    -7.55017  0.00277489
       13850    -7.47022    -7.54988  0.00277988
       13900    -7.63366    -7.55018  0.00278621
       13950    -7.66073    -7.55058  0.00280434
       14000    -7.61337     -7.5508  0.00280329
       14050    -7.50255    -7.55063  0.00279856
       14100     -7.5291    -7.55055  0.00278967
       14150    -7.59485    -7.55071   0.0027842
       14200    -7.51241    -7.55057  0.00277765
       14250    -7.52208    -7.55047  0.00276969
       14300    -7.51509    -7.55035  0.00276276
       14350    -7.55332    -7.55036  0.00275314
       14400    -7.61072    -7.55057  0.00275156
       14450    -7.49861    -7.55039  0.00274791
       14500    -7.54872    -7.55039  0.00273842
       14550    -7.46995    -7.55011  0.00274296
       14600    -7.51562    -7.54999   0.0027361
       14650    -7.53875    -7.54995  0.00272701
       14700    -7.55301    -7.54996  0.00271774
       14750    -7.51106    -7.54983  0.00271172
       14800    -7.53799    -7.54979  0.00270284
       14850    -7.63566    -7.55008   0.0027092
       14900    -7.49858    -7.54991  0.00270562
       14950    -7.56333    -7.54995  0.00269693
       15000    -7.50296     -7.5498  0.00269248
       15050    -7.53734    -7.54975  0.00268384
       15100    -7.54803    -7.54975  0.00267495
       15150    -7.62784    -7.55001  0.00267853
       15200      -7.523    -7.54992  0.00267119
       15250    -7.59783    -7.55007  0.00266704
       15300    -7.61445    -7.55028  0.00266662
       15350     -7.4902    -7.55009  0.00266512
       15400    -7.47807    -7.54986  0.00266672
       15450     -7.5046    -7.54971  0.00266211
       15500    -7.60323    -7.54988  0.00265912
       15550    -7.54573    -7.54987  0.00265059
       15600    -7.56788    -7.54993  0.00264271
       15650    -7.54404    -7.54991  0.00263432
       15700     -7.6024    -7.55007  0.00263124
       15750    -7.60799    -7.55026  0.00262931
       15800    -7.55956    -7.55029  0.00262114
       15850    -7.60153    -7.55045  0.00261785
       15900    -7.58576    -7.55056  0.00261197
       15950    -7.51307    -7.55044  0.00260642
       16000    -7.55613    -7.55046  0.00259832
       16050    -7.53183     -7.5504  0.00259086
       16100    -7.46618    -7.55014  0.00259602
       16150     -7.6008     -7.5503  0.00259271
       16200    -7.51369    -7.55018  0.00258717
       16250    -7.55002    -7.55018   0.0025792
       16300    -7.58245    -7.55028  0.00257318
       16350     -7.4726    -7.55005  0.00257627
       16400    -7.47437    -7.54981  0.00257875
       16450    -7.50833    -7.54969  0.00257399
       16500     -7.5632    -7.54973   0.0025665
       16550    -7.61316    -7.54992   0.0025659
       16600    -7.56535    -7.54997  0.00255859
       16650    -7.52657     -7.5499  0.00255186
       16700    -7.56318    -7.54994  0.00254452
       16750    -7.59609    -7.55007  0.00254065
       16800    -7.52007    -7.54999  0.00253465
       16850    -7.55372       -7.55  0.00252714
       16900    -7.53917    -7.54996  0.00251986
       16950    -7.62076    -7.55017  0.00252108
       17000    -7.52423     -7.5501  0.00251481
       17050    -7.60514    -7.55026  0.00251262
       17100    -7.51808    -7.55016  0.00250702
       17150    -7.58121    -7.55026  0.00250134
       17200    -7.59942     -7.5504  0.00249815
       17250    -7.46467    -7.55015  0.00250327
       17300    -7.52703    -7.55008  0.00249692
       17350    -7.52386    -7.55001  0.00249086
       17400     -7.4494    -7.54972  0.00250046
       17450    -7.58485    -7.54982  0.00249531
       17500    -7.55449    -7.54983  0.00248821
       17550    -7.60578    -7.54999  0.00248622
       17600    -7.56749    -7.55004  0.00247965
       17650    -7.49891     -7.5499  0.00247685
       17700    -7.56631    -7.54994  0.00247028
       17750    -7.55369    -7.54995  0.00246334
       17800     -7.5484    -7.54995  0.00245641
       17850    -7.49958    -7.54981  0.00245358
       17900    -7.53331    -7.54976  0.00244715
       17950    -7.57728    -7.54984  0.00244153
       18000    -7.54643    -7.54983  0.00243476
       18050     -7.5295    -7.54977  0.00242865
       18100    -7.48524    -7.54959  0.00242849
       18150     -7.4981    -7.54945  0.00242594
       18200    -7.54107    -7.54943  0.00241938
       18250    -7.54977    -7.54943  0.00241274
       18300    -7.52442    -7.54936  0.00240711
       18350    -7.48148    -7.54918  0.00240765
       18400    -7.64529    -7.54944  0.00241527
       18450    -7.64788     -7.5497  0.00242344
       18500    -7.59792    -7.54984  0.00242039
       18550    -7.52078    -7.54976  0.00241513
       18600    -7.41221    -7.54939  0.00243684
       18650    -7.54511    -7.54938  0.00243033
       18700    -7.64369    -7.54963   0.0024369
       18750    -7.56622    -7.54967   0.0024308
       18800    -7.54429    -7.54966  0.00242437
       18850    -7.49304    -7.54951  0.00242259
       18900    -7.58676    -7.54961  0.00241818
       18950    -7.62186     -7.5498  0.00241932
       19000    -7.55851    -7.54982  0.00241305
       19050       -7.41    -7.54945  0.00243453
       19100    -7.50117    -7.54933  0.00243143
       19150    -7.52957    -7.54927  0.00242562
       19200    -7.45534    -7.54903  0.00243163
       19250     -7.5243    -7.54897  0.00242616
       19300    -7.52946    -7.54892   0.0024204
       19350    -7.54157     -7.5489  0.00241421
       19400    -7.58928      -7.549  0.00241022
       19450    -7.50432    -7.54889  0.00240676
       19500    -7.48369    -7.54872   0.0024064
       19550    -7.52029    -7.54865  0.00240134
       19600    -7.56405    -7.54869  0.00239553
       19650    -7.60066    -7.54882  0.00239308
       19700    -7.50821    -7.54871  0.00238922
       19750    -7.53011    -7.54867  0.00238363
       19800    -7.53471    -7.54863  0.00237786
       19850    -7.44526    -7.54837  0.00238612
       19900      -7.576    -7.54844  0.00238113
       19950    -7.60914    -7.54859  0.00238002
       20000    -7.51976    -7.54852  0.00237516
       20050    -7.51304    -7.54843  0.00237088
       20100    -7.40686    -7.54808  0.00239105
       20150    -7.53739    -7.54805  0.00238526
       20200    -7.48113    -7.54789   0.0023851
       20250    -7.58081    -7.54797   0.0023806
       20300     -7.4859    -7.54782  0.00237964
       20350    -7.52394    -7.54776  0.00237451
       20400    -7.53441    -7.54773  0.00236891
       20450    -7.54129    -7.54771  0.00236317
       20500    -7.53568    -7.54768  0.00235758
       20550    -7.51152    -7.54759  0.00235348
       20600    -7.52631    -7.54754  0.00234833
       20650    -7.55059    -7.54755  0.00234265
       20700    -7.52344    -7.54749  0.00233771
       20750    -7.57844    -7.54756  0.00233326
       20800    -7.50289    -7.54746  0.00233012
       20850     -7.6075     -7.5476  0.00232898
       20900    -7.57017    -7.54765  0.00232403
       20950    -7.45424    -7.54743  0.00232917
       21000    -7.60133    -7.54756  0.00232716
       21050    -7.59021    -7.54766  0.00232383
       21100     -7.5746    -7.54773   0.0023192
       21150    -7.53233    -7.54769    0.002314
       21200    -7.42371     -7.5474  0.00232698
       21250    -7.53303    -7.54736  0.00232174
       21300    -7.56445     -7.5474  0.00231663
       21350    -7.55909    -7.54743  0.00231136
       21400    -7.46552    -7.54724  0.00231388
       21450     -7.5692    -7.54729  0.00230905
       21500    -7.56656    -7.54733  0.00230411
       21550    -7.56973    -7.54739  0.00229934
       21600    -7.56883    -7.54744  0.00229455
       21650    -7.53164     -7.5474  0.00228954
       21700    -7.54999    -7.54741  0.00228426
       21750    -7.53512    -7.54738  0.00227918
       21800    -7.55935    -7.54741  0.00227411
       21850     -7.5991    -7.54752  0.00227199
       21900    -7.49178     -7.5474  0.00227036
       21950    -7.59111     -7.5475  0.00226737
       22000    -7.55081     -7.5475  0.00226223
       22050    -7.59016     -7.5476  0.00225916
       22100    -7.56817    -7.54765  0.00225453
       22150    -7.58226    -7.54772  0.00225079
       22200    -7.54238    -7.54771  0.00224574
       22250    -7.57323    -7.54777  0.00224143
       22300    -7.53705    -7.54775  0.00223652
       22350    -7.64971    -7.54797  0.00224314
       22400    -7.51963    -7.54791  0.00223902
       22450    -7.56081    -7.54794  0.00223422
       22500    -7.51878    -7.54787  0.00223019
       22550    -7.51892    -7.54781  0.00222616
       22600    -7.58207    -7.54789  0.00222253
       22650    -7.54488    -7.54788  0.00221762
       22700    -7.59955    -7.54799  0.00221566
       22750    -7.56732    -7.54804  0.00221119
       22800    -7.57082    -7.54809   0.0022069
       22850    -7.60931    -7.54822  0.00220614
       22900    -7.52782    -7.54818  0.00220177
       22950    -7.48974    -7.54805  0.00220065
       23000    -7.52551      -7.548  0.00219641
       23050    -7.58967    -7.54809   0.0021935
       23100    -7.52709    -7.54804  0.00218922
       23150    -7.51085    -7.54796  0.00218597
       23200    -7.54658    -7.54796  0.00218125
       23250    -7.50036    -7.54786  0.00217896
       23300    -7.64504    -7.54807  0.00218426
       23350    -7.52773    -7.54802  0.00218001
       23400    -7.53687      -7.548  0.00217548
       23450    -7.51518    -7.54793  0.00217196
       23500     -7.5289    -7.54789  0.00216772
       23550    -7.54801    -7.54789  0.00216311
       23600    -7.54037    -7.54787  0.00215858
       23650    -7.41533    -7.54759  0.00217216
       23700     -7.5749    -7.54765  0.00216834
       23750    -7.51269    -7.54758  0.00216502
       23800    -7.57144    -7.54763  0.00216105
       23850    -7.55233    -7.54764  0.00215654
       23900    -7.53472    -7.54761  0.00215219
       23950     -7.6362     -7.5478  0.00215564
       24000    -7.50534    -7.54771  0.00215296
       24050    -7.51152    -7.54763   0.0021498
       24100    -7.60493    -7.54775  0.00214863
       24150    -7.54875    -7.54775  0.00214417
       24200    -7.48408    -7.54762  0.00214378
       24250    -7.52851    -7.54758  0.00213972
       24300    -7.52928    -7.54754  0.00213564
       24350    -7.53423    -7.54752  0.00213143
       24400    -7.61506    -7.54765  0.00213155
       24450    -7.54765    -7.54765  0.00212719
       24500    -7.54463    -7.54765  0.00212285
       24550    -7.50629    -7.54756   0.0021202
       24600    -7.51074    -7.54749  0.00211721
       24650    -7.55339     -7.5475  0.00211294
       24700    -7.55265    -7.54751  0.00210869
       24750    -7.52253    -7.54746  0.00210503
       24800    -7.56702     -7.5475  0.00210115
       24850    -7.56504    -7.54754  0.00209722
       24900    -7.55285    -7.54755  0.00209303
       24950    -7.52344     -7.5475  0.00208939
       25000    -7.57514    -7.54755  0.00208594
       25050    -7.53573    -7.54753   0.0020819
       25100    -7.58018     -7.5476  0.00207877
       25150     -7.4924    -7.54749  0.00207753
       25200     -7.5672    -7.54752  0.00207378
       25250    -7.61435    -7.54766  0.00207389
       25300    -7.50166    -7.54757  0.00207178
       25350    -7.60379    -7.54768  0.00207066
       25400    -7.49739    -7.54758  0.00206895
       25450    -7.50157    -7.54749  0.00206686
       25500    -7.47864    -7.54735  0.00206722
       25550    -7.53548    -7.54733   0.0020633
       25600    -7.59897    -7.54743  0.00206174
       25650     -7.5756    -7.54749  0.00205844
       25700    -7.56895    -7.54753  0.00205486
       25750    -7.48413     -7.5474  0.00205456
       25800    -7.53382    -7.54738  0.00205074
       25850    -7.48623    -7.54726  0.00205019
       25900    -7.58634    -7.54733  0.00204761
       25950     -7.5696    -7.54738  0.00204412
       26000     -7.6325    -7.54754  0.00204674
       26050    -7.54121    -7.54753  0.00204284
       26100    -7.57748    -7.54759  0.00203973
       26150    -7.55696     -7.5476  0.00203591
       26200     -7.5652    -7.54764  0.00203229
       26250    -7.54415    -7.54763  0.00202843
       26300    -7.62015    -7.54777  0.00202926
       26350    -7.56717    -7.54781  0.00202574
       26400    -7.58003    -7.54787  0.00202282
       26450    -7.55759    -7.54789  0.00201908
       26500    -7.60177    -7.54799  0.00201783
       26550    -7.58103    -7.54805  0.00201498
       26600    -7.58535    -7.54812  0.00201242
       26650    -7.58636    -7.54819  0.00200992
       26700    -7.57996    -7.54825  0.00200703
       26750    -7.48414    -7.54813  0.00200686
       26800    -7.58076    -7.54819  0.00200404
       26850    -7.50836    -7.54812  0.00200167
       26900    -7.46838    -7.54797  0.00200344
       26950     -7.5529    -7.54798  0.00199974
       27000    -7.65714    -7.54818  0.00200624
       27050    -7.54975    -7.54818  0.00200254
       27100    -7.51837    -7.54813  0.00199959
       27150    -7.53056     -7.5481  0.00199617
       27200    -7.48728    -7.54798  0.00199563
       27250    -7.46081    -7.54782  0.00199838
       27300    -7.55799    -7.54784   0.0019948
       27350    -7.61078    -7.54796  0.00199447
       27400    -7.57121      -7.548  0.00199128
       27450    -7.59647    -7.54809  0.00198961
       27500     -7.5436    -7.54808  0.00198601
       27550    -7.55778     -7.5481  0.00198248
       27600    -7.59639    -7.54819  0.00198082
       27650    -7.48361    -7.54807  0.00198067
       27700    -7.51219      -7.548  0.00197816
       27750    -7.52777    -7.54797  0.00197493
       27800    -7.56516      -7.548  0.00197161
       27850    -7.53972    -7.54798  0.00196813
       27900    -7.58025    -7.54804  0.00196545
       27950    -7.58079     -7.5481   0.0019628
       28000    -7.56338    -7.54813  0.00195948
       28050    -7.62397    -7.54826  0.00196066
       28100    -7.50992    -7.54819  0.00195835
       28150    -7.48653    -7.54808  0.00195794
       28200    -7.59381    -7.54817  0.00195614
       28250    -7.54884    -7.54817  0.00195268
       28300    -7.54866    -7.54817  0.00194923
       28350     -7.5346    -7.54814  0.00194593
       28400    -7.48587    -7.54803  0.00194559
       28450    -7.53916    -7.54802  0.00194223
       28500    -7.55325    -7.54803  0.00193885
       28550    -7.50114    -7.54795  0.00193719
       28600      -7.572    -7.54799  0.00193426
       28650    -7.55904    -7.54801  0.00193097
       28700    -7.53524    -7.54799  0.00192774
       28750     -7.5326    -7.54796  0.00192457
       28800    -7.56149    -7.54798  0.00192137
       28850    -7.54829    -7.54798  0.00191803
       28900    -7.53887    -7.54797  0.00191478
       28950    -7.60828    -7.54807   0.0019143
       29000     -7.5862    -7.54814  0.00191213
       29050    -7.51938    -7.54809  0.00190948
       29100    -7.48332    -7.54798  0.00190944
       29150    -7.47756    -7.54785  0.00190998
       29200    -7.59302    -7.54793  0.00190828
       29250    -7.52545    -7.54789   0.0019054
       29300     -7.4775    -7.54777  0.00190594
       29350    -7.54526    -7.54777  0.00190269
       29400    -7.52192    -7.54773  0.00189996
       29450    -7.58122    -7.54778  0.00189759
       29500    -7.50607    -7.54771  0.00189569
       29550    -7.53795     -7.5477  0.00189255
       29600    -7.48347    -7.54759  0.00189246
       29650    -7.50707    -7.54752   0.0018905
       29700    -7.60277    -7.54761  0.00188961
       29750    -7.56007    -7.54763  0.00188654
       29800    -7.63077    -7.54777  0.00188854
       29850    -7.55818    -7.54779  0.00188545
       29900    -7.50414    -7.54772  0.00188371
       29950    -7.55986    -7.54774  0.00188067
       30000     -7.5737    -7.54778  0.00187803
       30050    -7.54099    -7.54777  0.00187494
       30100    -7.54912    -7.54777  0.00187182
       30150     -7.5565    -7.54779  0.00186877
       30200    -7.48233    -7.54768  0.00186882
       30250    -7.53243    -7.54765   0.0018659
       30300    -7.57454     -7.5477  0.00186335
       30350    -7.54758     -7.5477  0.00186027
       30400    -7.57136    -7.54773  0.00185762
       30450    -7.56291    -7.54776  0.00185473
       30500    -7.51577    -7.54771  0.00185243
       30550    -7.52928    -7.54768  0.00184965
       30600     -7.5522    -7.54768  0.00184664
       30650    -7.58541    -7.54775  0.00184465
       30700    -7.54521    -7.54774  0.00184165
       30750    -7.57342    -7.54778  0.00183912
       30800    -7.62564    -7.54791  0.00184048
       30850    -7.55027    -7.54791   0.0018375
       30900    -7.49666    -7.54783   0.0018364
       30950    -7.50429    -7.54776  0.00183478
       31000    -7.56224    -7.54778  0.00183196
       31050    -7.62745    -7.54791   0.0018335
       31100    -7.54195     -7.5479  0.00183058
       31150    -7.53088    -7.54788  0.00182784
       31200    -7.54104    -7.54786  0.00182494
       31250     -7.4986    -7.54779  0.00182373
       31300    -7.58589    -7.54785  0.00182183
       31350    -7.54045    -7.54783  0.00181896
       31400    -7.60979    -7.54793  0.00181874
       31450    -7.60226    -7.54802   0.0018179
       31500    -7.55168    -7.54803  0.00181502
       31550    -7.65094    -7.54819  0.00181946
       31600    -7.59364    -7.54826    0.001818
       31650    -7.57233     -7.5483  0.00181553
       31700    -7.58573    -7.54836  0.00181362
       31750    -7.56119    -7.54838  0.00181088
       31800    -7.54525    -7.54837  0.00180804
       31850    -7.56812     -7.5484  0.00180546
       31900    -7.59849    -7.54848  0.00180434
       31950    -7.56547    -7.54851  0.00180171
       32000    -7.55154    -7.54851   0.0017989
       32050    -7.55009    -7.54852  0.00179609
       32100    -7.54099     -7.5485  0.00179333
       32150    -7.48604    -7.54841  0.00179317
       32200    -7.51411    -7.54835  0.00179118
       32250       -7.47    -7.54823  0.00179252
       32300    -7.55637    -7.54824  0.00178978
       32350     -7.4372    -7.54807  0.00179524
       32400    -7.56614     -7.5481  0.00179268
       32450    -7.47589    -7.54799  0.00179337
       32500    -7.50791    -7.54793  0.00179167
       32550    -7.54369    -7.54792  0.00178893
       32600     -7.5787    -7.54797  0.00178681
       32650    -7.59277    -7.54804  0.00178539
       32700    -7.63053    -7.54816  0.00178712
       32750    -7.52084    -7.54812  0.00178487
       32800    -7.51363    -7.54807  0.00178292
       32850    -7.50963    -7.54801  0.00178117
       32900    -7.41259    -7.54781  0.00179033
       32950    -7.49276    -7.54772  0.00178956
       33000    -7.56288    -7.54774    0.001787
       33050    -7.54956    -7.54775  0.00178429
       33100    -7.57113    -7.54778  0.00178195
       33150    -7.55897     -7.5478  0.00177934
       33200    -7.58932    -7.54786  0.00177775
       33250    -7.47791    -7.54776  0.00177819
       33300    -7.53424    -7.54774  0.00177564
       33350    -7.56752    -7.54777  0.00177322
       33400    -7.49582    -7.54769  0.00177227
       33450    -7.55704     -7.5477  0.00176968
       33500     -7.5585    -7.54772  0.00176711
       33550    -7.42387    -7.54753   0.0017741
       33600    -7.54906    -7.54754  0.00177146
       33650    -7.53394    -7.54752  0.00176894
       33700    -7.61283    -7.54761  0.00176897
       33750    -7.58031    -7.54766  0.00176701
       33800    -7.52924    -7.54763   0.0017646
       33850    -7.53043    -7.54761  0.00176218
       33900    -7.52426    -7.54757  0.00175991
       33950    -7.53628    -7.54756   0.0017574
       34000    -7.60158    -7.54764  0.00175661
       34050    -7.54146    -7.54763  0.00175405
       34100    -7.56246    -7.54765  0.00175161
       34150    -7.50715    -7.54759  0.00175005
       34200    -7.51921    -7.54755  0.00174798
       34250     -7.5339    -7.54753  0.00174554
       34300    -7.49996    -7.54746  0.00174438
       34350    -7.52943    -7.54743  0.00174203
       34400    -7.50488    -7.54737   0.0017406
       34450    -7.48183    -7.54728  0.00174067
       34500    -7.51888    -7.54724  0.00173863
       34550    -7.52447     -7.5472  0.00173643
       34600    -7.54753     -7.5472  0.00173392
       34650    -7.54243     -7.5472  0.00173143
       34700    -7.65201    -7.54735  0.00173551
       34750    -7.54402    -7.54734  0.00173302
       34800    -7.49418    -7.54727  0.00173222
       34850    -7.45415    -7.54713  0.00173488
       34900    -7.56542    -7.54716  0.00173259
       34950    -7.53276    -7.54714  0.00173023
       35000    -7.50203    -7.54707  0.00172896
       35050    -7.53473    -7.54706  0.00172658
       35100    -7.53468    -7.54704  0.00172421
       35150    -7.56748    -7.54707    0.001722
       35200    -7.58027    -7.54711   0.0017202
       35250    -7.45945    -7.54699  0.00172225
       35300    -7.52244    -7.54696  0.00172016
       35350    -7.57688      -7.547  0.00171825
       35400    -7.56938    -7.54703  0.00171611
       35450    -7.57544    -7.54707  0.00171416
       35500    -7.58058    -7.54712  0.00171239
       35550    -7.54182    -7.54711     0.00171
       35600    -7.59402    -7.54717  0.00170887
       35650    -7.55491    -7.54719   0.0017065
       35700    -7.55156    -7.54719  0.00170412
       35750    -7.46665    -7.54708  0.00170546
       35800    -7.55856     -7.5471  0.00170315
       35850    -7.58827    -7.54715  0.00170174
       35900    -7.56752    -7.54718  0.00169961
       35950    -7.52318    -7.54715  0.00169757
       36000    -7.53964    -7.54714  0.00169524
       36050    -7.46941    -7.54703  0.00169632
       36100     -7.6009     -7.5471  0.00169561
       36150    -7.54038    -7.54709  0.00169329
       36200    -7.60965    -7.54718  0.00169316
       36250    -7.53003    -7.54716  0.00169099
       36300    -7.61972    -7.54726  0.00169161
       36350    -7.52629    -7.54723  0.00168953
       36400    -7.53025    -7.54721  0.00168737
       36450    -7.51842    -7.54717  0.00168551
       36500    -7.60502    -7.54725  0.00168507
       36550    -7.58295    -7.54729  0.00168347
       36600     -7.5531     -7.5473  0.00168119
       36650    -7.57492    -7.54734  0.00167931
       36700     -7.5142    -7.54729  0.00167763
       36750    -7.56476    -7.54732  0.00167552
       36800     -7.6052     -7.5474  0.00167509
       36850    -7.52773    -7.54737  0.00167302
       36900     -7.5158    -7.54733   0.0016713
       36950    -7.55184    -7.54733  0.00166905
       37000    -7.57946    -7.54738  0.00166736
       37050    -7.53983    -7.54737  0.00166514
       37100    -7.60992    -7.54745  0.00166503
       37150    -7.50484    -7.54739  0.00166378
       37200    -7.56905    -7.54742  0.00166179
       37250    -7.44602    -7.54729  0.00166513
       37300     -7.5714    -7.54732  0.00166321
       37350     -7.5895    -7.54738  0.00166195
       37400    -7.55479    -7.54739  0.00165975
       37450    -7.47571    -7.54729  0.00166029
       37500    -7.53443    -7.54727  0.00165817
       37550    -7.55683    -7.54729  0.00165601
       37600     -7.6171    -7.54738  0.00165641
       37650    -7.54463    -7.54737  0.00165421
       37700    -7.54511    -7.54737  0.00165202
       37750    -7.58787    -7.54743   0.0016507
       37800    -7.54038    -7.54742  0.00164854
       37850    -7.58492    -7.54747  0.00164711
       37900    -7.56233    -7.54748  0.00164505
       37950    -7.55159    -7.54749  0.00164289
       38000    -7.51893    -7.54745  0.00164116
       38050    -7.58667     -7.5475  0.00163981
       38100    -7.53055    -7.54748  0.00163781
       38150    -7.53491    -7.54747  0.00163574
       38200    -7.55795    -7.54748  0.00163366
       38250    -7.49493    -7.54741  0.00163297
       38300    -7.57447    -7.54745  0.00163122
       38350    -7.62264    -7.54754  0.00163203
       38400    -7.51071     -7.5475  0.00163061
       38450    -7.56034    -7.54751  0.00162858
       38500    -7.54352    -7.54751  0.00162647
       38550    -7.61393    -7.54759  0.00162664
       38600    -7.62215    -7.54769   0.0016274
       38650    -7.63529     -7.5478  0.00162924
       38700    -7.60203    -7.54787  0.00162864
       38750    -7.58238    -7.54792  0.00162715
       38800    -7.59907    -7.54798  0.00162639
       38850    -7.59742    -7.54805  0.00162554
       38900    -7.57141    -7.54808  0.00162372
       38950    -7.53608    -7.54806  0.00162171
       39000    -7.49412    -7.54799  0.00162111
       39050    -7.51626    -7.54795  0.00161954
       39100    -7.52422    -7.54792  0.00161775
       39150    -7.50649    -7.54787  0.00161655
       39200    -7.50855    -7.54782  0.00161527
       39250    -7.43223    -7.54767  0.00161991
       39300    -7.53401    -7.54765  0.00161794
       39350    -7.60074    -7.54772  0.00161729
       39400    -7.55903    -7.54774   0.0016153
       39450    -7.52565    -7.54771   0.0016135
       39500     -7.4753    -7.54762  0.00161406
       39550    -7.50911    -7.54757  0.00161275
       39600    -7.51806    -7.54753  0.00161115
       39650    -7.49561    -7.54747  0.00161044
       39700    -7.45742    -7.54735  0.00161241
       39750    -7.57226    -7.54738  0.00161068
       39800      -7.572    -7.54741  0.00160896
       39850    -7.65603    -7.54755   0.0016127
       39900    -7.51142    -7.54751  0.00161132
       39950    -7.56866    -7.54753  0.00160952
       40000    -7.59145    -7.54759  0.00160844
       40050    -7.55903     -7.5476   0.0016065
       40100    -7.54318     -7.5476   0.0016045
       40150     -7.5039    -7.54754  0.00160343
       40200    -7.49767    -7.54748  0.00160263
       40250    -7.49902    -7.54742  0.00160177
       40300    -7.47743    -7.54733  0.00160214
       40350    -7.48767    -7.54726  0.00160186
       40400    -7.60289    -7.54733  0.00160136
       40450    -7.58062    -7.54737   0.0015999
       40500    -7.52483    -7.54734  0.00159817
       40550    -7.42931    -7.54719  0.00160282
       40600    -7.47824    -7.54711   0.0016031
       40650    -7.61987     -7.5472  0.00160362
       40700    -7.61275    -7.54728  0.00160367
       40750    -7.61412    -7.54736   0.0016038
       40800    -7.50856    -7.54731  0.00160254
       40850    -7.62189    -7.54741  0.00160318
       40900    -7.61815    -7.54749  0.00160355
       40950    -7.49725    -7.54743  0.00160277
       41000    -7.57934    -7.54747  0.00160128
       41050    -7.57914    -7.54751   0.0015998
       41100    -7.62389     -7.5476  0.00160055
       41150    -7.59037    -7.54765  0.00159945
       41200    -7.57169    -7.54768  0.00159777
       41250    -7.50546    -7.54763  0.00159665
       41300    -7.57555    -7.54766  0.00159508
       41350    -7.52024    -7.54763  0.00159349
       41400    -7.62119    -7.54772  0.00159405
       41450    -7.52163    -7.54769  0.00159243
       41500    -7.54078    -7.54768  0.00159053
       41550    -7.51109    -7.54764  0.00158923
       41600    -7.51138    -7.54759  0.00158792
       41650    -7.56331    -7.54761  0.00158612
       41700     -7.6275    -7.54771  0.00158711
       41750    -7.52768    -7.54768  0.00158539
       41800    -7.46142    -7.54758  0.00158685
       41850    -7.57983    -7.54762  0.00158542
       41900    -7.57577    -7.54765  0.00158389
       41950    -7.51002    -7.54761  0.00158263
       42000    -7.55176    -7.54761  0.00158076
       42050    -7.55874    -7.54763  0.00157893
       42100    -7.54998    -7.54763  0.00157706
       42150     -7.4654    -7.54753   0.0015782
       42200    -7.49165    -7.54746  0.00157772
       42250    -7.46616    -7.54737  0.00157879
       42300    -7.48526     -7.5473  0.00157863
       42350     -7.6116    -7.54737  0.00157859
       42400    -7.55543    -7.54738  0.00157676
       42450    -7.52912    -7.54736  0.00157504
       42500    -7.53803    -7.54735  0.00157323
       42550    -7.57308    -7.54738  0.00157167
       42600    -7.54296    -7.54737  0.00156983
       42650     -7.5748    -7.54741  0.00156832
       42700    -7.53142    -7.54739  0.00156659
       42750    -7.58885    -7.54744  0.00156551
       42800    -7.47057    -7.54735  0.00156626
       42850    -7.41279    -7.54719  0.00157229
       42900    -7.54067    -7.54718  0.00157047
       42950    -7.55784    -7.54719  0.00156869
       43000    -7.54425    -7.54719  0.00156687
       43050    -7.46239    -7.54709  0.00156815
       43100    -7.45561    -7.54699  0.00156992
       43150    -7.51133    -7.54694  0.00156864
       43200    -7.50099    -7.54689  0.00156773
       43250    -7.44705    -7.54678  0.00157016
       43300    -7.58215    -7.54682  0.00156888
       43350    -7.45019     -7.5467  0.00157103
       43400     -7.5592    -7.54672  0.00156928
       43450    -7.54873    -7.54672  0.00156748
       43500      -7.522    -7.54669  0.00156593
       43550    -7.52414    -7.54667  0.00156435
       43600    -7.58434    -7.54671  0.00156315
       43650    -7.52335    -7.54668  0.00156159
       43700    -7.54326    -7.54668  0.00155981
       43750    -7.55499    -7.54669  0.00155805
       43800    -7.47783    -7.54661  0.00155826
       43850    -7.47912    -7.54653  0.00155838
       43900    -7.46496    -7.54644  0.00155937
       43950    -7.56568    -7.54646  0.00155775
       44000    -7.56827    -7.54649  0.00155618
       44050      -7.556     -7.5465  0.00155445
       44100    -7.58507    -7.54654   0.0015533
       44150    -7.57111    -7.54657  0.00155179
       44200    -7.52974    -7.54655  0.00155015
       44250    -7.56976    -7.54658  0.00154862
       44300    -7.58677    -7.54662  0.00154754
       44350    -7.65393    -7.54674  0.00155052
       44400    -7.50893     -7.5467  0.00154936
       44450     -7.4872    -7.54663  0.00154906
       44500    -7.59547    -7.54669  0.00154829
       44550    -7.61167    -7.54676  0.00154827
       44600    -7.53281    -7.54675  0.00154661
       44650    -7.47913    -7.54667  0.00154673
       44700    -7.56378    -7.54669  0.00154512
       44750    -7.59648    -7.54674   0.0015444
       44800    -7.55124    -7.54675  0.00154268
       44850    -7.42346    -7.54661  0.00154708
       44900    -7.51968    -7.54658  0.00154564
       44950    -7.51422    -7.54655  0.00154434
       45000    -7.57098    -7.54657  0.00154286
       45050    -7.57118     -7.5466  0.00154139
       45100    -7.56241    -7.54662  0.00153978
       45150    -7.57089    -7.54665  0.00153831
       45200     -7.5541    -7.54665  0.00153663
       45250     -7.5913     -7.5467  0.00153572
       45300    -7.54395     -7.5467  0.00153403
       45350    -7.56644    -7.54672  0.00153249
       45400     -7.5899    -7.54677  0.00153154
       45450    -7.59397    -7.54682  0.00153074
       45500    -7.56439    -7.54684  0.00152918
       45550    -7.55715    -7.54685  0.00152754
       45600    -7.49529     -7.5468  0.00152691
       45650    -7.47263    -7.54671   0.0015274
       45700    -7.51231    -7.54668  0.00152619
       45750    -7.50982    -7.54664  0.00152505
       45800    -7.59352    -7.54669  0.00152425
       45850     -7.5694    -7.54671  0.00152279
       45900    -7.54742    -7.54671  0.00152113
       45950    -7.56326    -7.54673  0.00151958
       46000    -7.56918    -7.54676  0.00151812
       46050    -7.61094    -7.54682  0.00151807
       46100    -7.46264    -7.54673  0.00151917
       46150    -7.58526    -7.54678   0.0015181
       46200     -7.5493    -7.54678  0.00151646
       46250    -7.54485    -7.54678  0.00151482
       46300    -7.53423    -7.54676  0.00151324
       46350    -7.53122    -7.54675   0.0015117
       46400    -7.52389    -7.54672  0.00151027
       46450    -7.50745    -7.54668  0.00150924
       46500     -7.5478    -7.54668  0.00150762
       46550     -7.5301    -7.54666   0.0015061
       46600    -7.54677    -7.54666  0.00150448
       46650    -7.60268    -7.54672  0.00150407
       46700     -7.4714    -7.54664  0.00150462
       46750     -7.5224    -7.54662  0.00150323
       46800     -7.5717    -7.54664  0.00150187
       46850    -7.60619    -7.54671  0.00150161
       46900    -7.53873     -7.5467  0.00150003
       46950    -7.57938    -7.54673  0.00149884
       47000    -7.49103    -7.54667  0.00149841
       47050    -7.55894    -7.54669  0.00149688
       47100    -7.49684    -7.54663  0.00149622
       47150    -7.64115    -7.54673  0.00149799
       47200     -7.4757    -7.54666   0.0014983
       47250    -7.49719    -7.54661  0.00149762
       47300    -7.45995    -7.54651  0.00149884
       47350    -7.48932    -7.54645  0.00149848
       47400    -7.49423     -7.5464  0.00149791
       47450    -7.58877    -7.54644  0.00149699
       47500    -7.58183    -7.54648  0.00149588
       47550    -7.56668     -7.5465  0.00149446
       47600    -7.60443    -7.54656  0.00149413
       47650    -7.66231    -7.54668  0.00149749
       47700    -7.47749    -7.54661  0.00149768
       47750    -7.46386    -7.54652  0.00149862
       47800    -7.57789    -7.54656  0.00149741
       47850    -7.56905    -7.54658  0.00149603
       47900    -7.52716    -7.54656   0.0014946
       47950    -7.54345    -7.54656  0.00149305
       48000     -7.5786    -7.54659  0.00149187
       48050    -7.53366    -7.54658  0.00149037
       48100     -7.5312    -7.54656  0.00148891
       48150    -7.47081    -7.54648  0.00148944
       48200    -7.43797    -7.54637  0.00149215
       48250    -7.59301    -7.54642  0.00149138
       48300     -7.6129    -7.54649  0.00149143
       48350    -7.52313    -7.54646  0.00149008
       48400    -7.58479     -7.5465  0.00148907
       48450    -7.55881    -7.54652  0.00148758
       48500    -7.60109    -7.54657  0.00148711
       48550    -7.54693    -7.54657  0.00148558
       48600    -7.53207    -7.54656  0.00148413
       48650    -7.56663    -7.54658  0.00148274
       48700    -7.55815    -7.54659  0.00148127
       48750    -7.62349    -7.54667  0.00148185
       48800    -7.58278    -7.54671  0.00148079
       48850    -7.50383    -7.54666  0.00147993
       48900    -7.56992    -7.54669   0.0014786
       48950    -7.60405    -7.54674  0.00147825
       49000    -7.56946    -7.54677  0.00147693
       49050    -7.52999    -7.54675  0.00147552
       49100    -7.57423    -7.54678  0.00147428
       49150    -7.59101    -7.54682  0.00147347
       49200    -7.51179    -7.54679   0.0014724
       49250    -7.50714    -7.54675  0.00147146
       49300    -7.56474    -7.54677  0.00147008
       49350    -7.53715    -7.54676  0.00146862
       49400    -7.44665    -7.54665  0.00147062
       49450     -7.5848    -7.54669  0.00146964
       49500    -7.56269    -7.54671  0.00146825
       49550    -7.50224    -7.54666  0.00146745
       49600    -7.58303     -7.5467  0.00146643
       49650    -7.58749    -7.54674  0.00146553
       49700    -7.53633    -7.54673  0.00146409
       49750    -7.54923    -7.54673  0.00146262
       49800    -7.56699    -7.54675  0.00146129
       49850    -7.50597    -7.54671   0.0014604
       49900    -7.61184    -7.54678  0.00146039
       49950    -7.56329     -7.5468  0.00145902
       50000    -7.62082    -7.54687  0.00145944
