   0.0323165           0           0
   0.0969496           0           0
    0.161583           0           0
    0.226216           0           0
    0.290849           0           0
    0.355482           0           0
    0.420115           0           0
    0.484748           0           0
    0.549381           0           0
    0.614014           0           0
    0.678647           0           0
     0.74328           0           0
    0.807913           0           0
    0.872546 0.000502893 6.25195e-05
    0.937179   0.0728551   0.0007667
     1.00181    0.529667  0.00230564
     1.06645     1.01751  0.00374158
     1.13108      1.1319  0.00386227
     1.19571     1.04174  0.00343073
     1.26034    0.917154  0.00294318
     1.32498    0.805355  0.00259017
     1.38961    0.730435   0.0021607
     1.45424    0.667088  0.00192671
     1.51888     0.62264   0.0017284
     1.58351    0.592883  0.00159004
     1.64814    0.571885  0.00146506
     1.71278    0.555086  0.00138698
     1.77741    0.543591   0.0013399
     1.84204    0.536463  0.00128491
     1.90667    0.530979  0.00123604
     1.97131    0.529945  0.00116112
     2.03594    0.528884  0.00113885
     2.10057     0.52628   0.0011271
     2.16521     0.52636  0.00107313
     2.22984    0.523954  0.00101398
     2.29447    0.521489  0.00101321
     2.35911    0.517872  0.00098077
     2.42374    0.516234 0.000951397
     2.48837    0.511631 0.000915089
     2.55301    0.508882  0.00086609
     2.61764    0.508732 0.000841932
     2.68227    0.505666 0.000843078
      2.7469    0.504521 0.000786586
     2.81154    0.503188 0.000784904
     2.87617    0.503221 0.000769764
      2.9408     0.50062  0.00074817
     3.00544    0.499332 0.000714293
     3.07007    0.498784 0.000689853
      3.1347    0.499847 0.000683912
     3.19934    0.498349 0.000691508
     3.26397    0.497225 0.000670698
      3.3286    0.497235 0.000661377
     3.39323    0.498078 0.000650113
     3.45787    0.496844 0.000615804
      3.5225    0.497113 0.000612309
     3.58713    0.495796 0.000580376
     3.65177    0.495106 0.000562274
      3.7164    0.495861 0.000584887
     3.78103    0.495932 0.000551619
     3.84567    0.495922 0.000540861
      3.9103    0.494603 0.000541066
     3.97493     0.49523 0.000526353
     4.03957    0.494917 0.000512243
      4.1042    0.494719 0.000523097
     4.16883    0.494661 0.000506974
     4.23346    0.494701 0.000517247
      4.2981    0.494239 0.000481252
     4.36273     0.49326 0.000475218
     4.42736    0.494112 0.000479892
       4.492    0.493814 0.000459842
     4.55663     0.49343 0.000464172
     4.62126    0.493405 0.000464085
      4.6859    0.494656 0.000444729
     4.75053    0.493904 0.000431304
     4.81516    0.493689 0.000433698
     4.87979    0.493382 0.000424733
     4.94443    0.493394 0.000422021
     5.00906     0.49344 0.000406153
     5.07369    0.493455 0.000400092
     5.13833    0.493298 0.000403748
     5.20296    0.492994 0.000398783
     5.26759    0.492583 0.000386887
     5.33223    0.493408 0.000387655
     5.39686    0.492993 0.000374762
     5.46149     0.49253 0.000375972
     5.52612    0.493197    0.000375
     5.59076    0.493398 0.000374872
     5.65539    0.493411 0.000359511
     5.72002    0.493195 0.000358373
     5.78466    0.493324 0.000358448
     5.84929    0.492593 0.000354959
     5.91392    0.492782 0.000344238
     5.97856    0.492837 0.000352536
     6.04319    0.492026 0.000320911
     6.10782     0.49282 0.000344811
     6.17246     0.49335 0.000322065
     6.23709    0.493142 0.000323804
     6.30172    0.493217 0.000342624
     6.36635    0.493132  0.00031334
     6.43099    0.492421 0.000315085
