          50   0.0481602   0.0481602           0
         100   0.0467523   0.0474563 0.000703958
         150   0.0501502   0.0483542 0.000985669
         200   0.0536971     0.04969  0.00150663
         250   0.0503357   0.0498191  0.00117415
         300    0.048409   0.0495841  0.00098708
         350   0.0501638   0.0496669 0.000838336
         400    0.050441   0.0497637  0.00073244
         450   0.0471933   0.0494781 0.000706273
         500    0.048524   0.0493827 0.000638874
         550   0.0475604    0.049217 0.000601158
         600   0.0487546   0.0491785 0.000550131
         650   0.0471771   0.0490245 0.000528946
         700   0.0490618   0.0490272 0.000489716
         750   0.0472073   0.0489059 0.000471769
         800   0.0503492   0.0489961 0.000450425
         850   0.0486117   0.0489735 0.000423704
         900   0.0493235   0.0489929 0.000399945
         950   0.0465682   0.0488653 0.000399256
        1000   0.0503129   0.0489377 0.000385622
        1050    0.049137   0.0489472 0.000366922
        1100    0.050156   0.0490021 0.000354135
        1150   0.0493556   0.0490175 0.000338737
        1200   0.0494979   0.0490375 0.000324933
        1250   0.0473383   0.0489695  0.00031899
        1300   0.0488189   0.0489637 0.000306531
        1350   0.0482809   0.0489384 0.000296041
        1400   0.0492638   0.0489501 0.000285509
        1450   0.0484578   0.0489331 0.000276011
        1500   0.0476256   0.0488895  0.00027019
        1550   0.0498126   0.0489193  0.00026302
        1600    0.047326   0.0488695 0.000259489
        1650    0.050241   0.0489111 0.000254914
        1700   0.0480869   0.0488868 0.000248488
        1750   0.0523121   0.0489847 0.000260376
        1800   0.0468935   0.0489266 0.000259621
        1850   0.0486797   0.0489199 0.000252595
        1900   0.0491955   0.0489272 0.000245965
        1950   0.0460216   0.0488527 0.000250892
        2000     0.04873   0.0488496 0.000244559
        2050   0.0490273   0.0488539 0.000238559
        2100   0.0485253   0.0488461 0.000232941
        2150   0.0486011   0.0488404  0.00022753
        2200   0.0483116   0.0488284 0.000222624
        2250   0.0499134   0.0488525 0.000218952
        2300   0.0513716   0.0489073 0.000221031
        2350   0.0489444   0.0489081 0.000216278
        2400   0.0496924   0.0489244 0.000212354
        2450   0.0489282   0.0489245 0.000207975
        2500   0.0467925   0.0488818 0.000208187
        2550    0.048631   0.0488769 0.000204123
        2600   0.0473358   0.0488473 0.000202341
        2650   0.0505732   0.0488798  0.00020114
        2700   0.0510183   0.0489195 0.000201314
        2750   0.0492389   0.0489253 0.000197705
        2800   0.0491078   0.0489285  0.00019417
        2850   0.0499593   0.0489466 0.000191588
        2900   0.0489126    0.048946 0.000188257
        2950   0.0481571   0.0489326 0.000185521
        3000    0.050248   0.0489546 0.000183716
        3050   0.0502205   0.0489753 0.000181867
        3100   0.0512718   0.0490124 0.000182703
        3150   0.0485884   0.0490056 0.000179906
        3200   0.0487501   0.0490016 0.000177118
        3250   0.0476831   0.0489814 0.000175547
        3300   0.0453459   0.0489263 0.000181431
        3350   0.0464291    0.048889 0.000182548
        3400   0.0480132   0.0488761 0.000180304
        3450   0.0520656   0.0489223 0.000183586
        3500   0.0532832   0.0489846 0.000191369
        3550   0.0472759   0.0489606 0.000190183
        3600   0.0496201   0.0489697 0.000187746
        3650   0.0508699   0.0489958 0.000186978
        3700   0.0508592   0.0490209 0.000186145
        3750   0.0486302   0.0490157  0.00018372
        3800   0.0476265   0.0489975 0.000182206
        3850   0.0466602   0.0489671 0.000182368
        3900   0.0493668   0.0489722 0.000180087
        3950   0.0486908   0.0489687 0.000177829
        4000   0.0456893   0.0489277 0.000180313
        4050   0.0478154   0.0489139 0.000178602
        4100   0.0504897   0.0489332 0.000177454
        4150   0.0519649   0.0489697 0.000179068
        4200    0.051319   0.0489977  0.00017912
        4250   0.0529341    0.049044 0.000182959
        4300   0.0514365   0.0490718 0.000182946
        4350   0.0473741   0.0490523 0.000181881
        4400   0.0476262   0.0490361 0.000180531
        4450   0.0471647    0.049015 0.000179726
        4500   0.0511387   0.0490386 0.000179277
        4550   0.0470627   0.0490169 0.000178621
        4600   0.0489664   0.0490164 0.000176669
        4650   0.0504661    0.049032 0.000175453
        4700   0.0477801   0.0490186 0.000174087
        4750   0.0494761   0.0490235 0.000172312
        4800   0.0522561   0.0490571 0.000173801
        4850   0.0499886   0.0490667 0.000172267
        4900   0.0498456   0.0490747 0.000170686
        4950   0.0500242   0.0490843 0.000169225
        5000    0.050838   0.0491018 0.000168439
        5050   0.0506161   0.0491168 0.000167436
        5100   0.0472596   0.0490986 0.000166783
        5150   0.0513314   0.0491203 0.000166573
        5200   0.0487959   0.0491172 0.000164993
        5250   0.0497161   0.0491229 0.000163513
        5300   0.0504287   0.0491352 0.000162431
        5350   0.0487327   0.0491314  0.00016095
        5400   0.0494964   0.0491348 0.000159489
        5450   0.0482992   0.0491271 0.000158204
        5500    0.046679   0.0491049 0.000158332
        5550   0.0514486    0.049126 0.000158313
        5600   0.0481147    0.049117 0.000157153
        5650   0.0501513   0.0491261 0.000156025
        5700   0.0476705   0.0491133 0.000155176
        5750   0.0455938   0.0490827 0.000156836
        5800   0.0513422   0.0491022 0.000156693
        5850    0.048155   0.0490941 0.000155559
        5900   0.0491798   0.0490948 0.000154237
        5950   0.0469502   0.0490768 0.000153993
        6000   0.0490528   0.0490766 0.000152705
        6050   0.0499759   0.0490841  0.00015162
        6100   0.0525008   0.0491121 0.000152958
        6150   0.0498022   0.0491177 0.000151813
        6200   0.0467106   0.0490983  0.00015183
        6250   0.0490181   0.0490976 0.000150611
        6300   0.0472472   0.0490829 0.000150131
        6350    0.047599   0.0490713 0.000149402
        6400   0.0482277   0.0490647 0.000148377
        6450   0.0477143   0.0490542 0.000147594
        6500   0.0493396   0.0490564  0.00014647
        6550   0.0498525   0.0490625 0.000145475
        6600   0.0522019   0.0490862 0.000146315
        6650   0.0490178   0.0490857 0.000145211
        6700   0.0486175   0.0490822 0.000144166
        6750   0.0458549   0.0490583 0.000145077
        6800   0.0449932   0.0490284 0.000147076
        6850   0.0473821   0.0490164 0.000146492
        6900    0.051031    0.049031 0.000146158
        6950   0.0502299   0.0490396 0.000145359
        7000   0.0499332    0.049046 0.000144458
        7050    0.049219   0.0490473 0.000143435
        7100   0.0485031   0.0490434 0.000142472
        7150   0.0523112   0.0490663 0.000143306
        7200   0.0478725    0.049058 0.000142549
        7250   0.0472289   0.0490454 0.000142123
        7300   0.0484853   0.0490415 0.000141199
        7350   0.0499652   0.0490478 0.000140376
        7400    0.051729   0.0490659 0.000140596
        7450   0.0484725    0.049062 0.000139706
        7500   0.0480447   0.0490552 0.000138937
        7550   0.0493152   0.0490569 0.000138025
        7600   0.0487106   0.0490546 0.000137132
        7650   0.0478668   0.0490469 0.000136454
        7700   0.0474854   0.0490367 0.000135944
        7750   0.0481547    0.049031 0.000135184
        7800   0.0505076   0.0490405 0.000134648
        7850   0.0503116   0.0490486 0.000134032
        7900   0.0491995   0.0490495 0.000133184
        7950   0.0451349   0.0490249 0.000134615
        8000   0.0485552    0.049022 0.000133803
        8050   0.0498905   0.0490274 0.000133079
        8100   0.0508008   0.0490383 0.000132707
        8150   0.0462975   0.0490215 0.000132958
        8200    0.049643   0.0490253 0.000132199
        8250    0.049365   0.0490274 0.000131411
        8300   0.0474548   0.0490179  0.00013096
        8350   0.0452748   0.0489955 0.000132089
        8400   0.0482467    0.048991 0.000131376
        8450    0.047512   0.0489823  0.00013089
        8500   0.0483193   0.0489784 0.000130176
        8550    0.050029   0.0489845 0.000129558
        8600    0.049152   0.0489855 0.000128806
        8650   0.0532394   0.0490101 0.000130399
        8700   0.0477992   0.0490031 0.000129834
        8750   0.0496776    0.049007 0.000129148
        8800   0.0489056   0.0490064 0.000128413
        8850   0.0501678    0.049013 0.000127854
        8900   0.0498648   0.0490177 0.000127224
        8950   0.0515978   0.0490322 0.000127329
        9000    0.048331   0.0490283  0.00012668
        9050   0.0498545   0.0490328 0.000126061
        9100   0.0501313   0.0490389 0.000125511
        9150   0.0479937   0.0490331 0.000124954
        9200   0.0481865   0.0490285 0.000124358
        9250   0.0498584    0.049033 0.000123766
        9300   0.0474366   0.0490244 0.000123397
        9350   0.0501632   0.0490305 0.000122887
        9400   0.0529829   0.0490516 0.000124026
        9450   0.0501393   0.0490573 0.000123502
        9500   0.0474626   0.0490489 0.000123137
        9550   0.0478974   0.0490429 0.000122639
        9600    0.050283   0.0490494 0.000122169
        9650   0.0480875   0.0490444 0.000121637
        9700   0.0479509   0.0490387 0.000121139
        9750   0.0490825    0.049039 0.000120517
        9800    0.050777   0.0490478 0.000120228
        9850   0.0491178   0.0490482 0.000119616
        9900   0.0480176    0.049043 0.000119124
        9950   0.0452349   0.0490238 0.000120059
       10000   0.0493094   0.0490253 0.000119466
       10050   0.0505774    0.049033 0.000119121
       10100   0.0477585   0.0490267 0.000118697
       10150   0.0464678   0.0490141 0.000118782
       10200   0.0480767   0.0490095 0.000118287
       10250   0.0491338   0.0490101 0.000117711
       10300   0.0501843   0.0490158 0.000117276
       10350   0.0488848   0.0490152  0.00011671
       10400   0.0476903   0.0490088 0.000116322
       10450   0.0503881   0.0490154 0.000115952
       10500   0.0514967   0.0490272 0.000116002
       10550    0.048445   0.0490244 0.000115484
       10600   0.0500246   0.0490292 0.000115035
       10650   0.0475343   0.0490221 0.000114708
       10700   0.0456269   0.0490063 0.000115268
       10750   0.0496527   0.0490093  0.00011477
       10800    0.050444   0.0490159  0.00011443
       10850   0.0476067   0.0490094 0.000114087
       10900   0.0505369   0.0490164 0.000113778
       10950   0.0465294   0.0490051 0.000113826
       11000   0.0469436   0.0489957 0.000113694
       11050     0.04684    0.048986 0.000113598
       11100   0.0483334    0.048983 0.000113123
       11150    0.050975   0.0489919 0.000112968
       11200    0.047272   0.0489843 0.000112725
       11250   0.0496559   0.0489873 0.000112262
       11300   0.0492088   0.0489882 0.000111769
       11350   0.0502086   0.0489936 0.000111405
       11400   0.0485105   0.0489915 0.000110936
       11450    0.051193   0.0490011 0.000110868
       11500   0.0481129   0.0489972 0.000110452
       11550   0.0488432   0.0489966 0.000109975
       11600   0.0488297   0.0489959 0.000109502
       11650   0.0495417   0.0489982 0.000109056
       11700    0.047451   0.0489916 0.000108791
       11750   0.0488567    0.048991 0.000108328
       11800   0.0481466   0.0489874 0.000107927
       11850    0.050358   0.0489932 0.000107627
       11900   0.0483353   0.0489905 0.000107209
       11950   0.0519113   0.0490027 0.000107457
       12000   0.0456506   0.0489887 0.000107916
       12050   0.0469696   0.0489803 0.000107793
       12100   0.0494331   0.0489822 0.000107363
       12150   0.0496779   0.0489851 0.000106959
       12200   0.0484709    0.048983  0.00010654
       12250   0.0477048   0.0489777 0.000106233
       12300   0.0514337   0.0489877  0.00010627
       12350   0.0500379    0.048992 0.000105924
       12400   0.0486944   0.0489908 0.000105503
       12450   0.0479563   0.0489866 0.000105161
       12500   0.0481456   0.0489833 0.000104793
       12550   0.0473371   0.0489767 0.000104581
       12600   0.0506938   0.0489835 0.000104387
       12650   0.0502702   0.0489886 0.000104098
       12700   0.0489706   0.0489885 0.000103688
       12750   0.0511323   0.0489969 0.000103622
       12800   0.0473277   0.0489904 0.000103422
       12850   0.0480091   0.0489866  0.00010309
       12900   0.0452664   0.0489722 0.000103697
       12950   0.0496346   0.0489747 0.000103327
       13000    0.050295   0.0489798 0.000103054
       13050   0.0472661   0.0489732 0.000102868
       13100   0.0466481   0.0489644 0.000102859
       13150   0.0482097   0.0489615 0.000102507
       13200   0.0488561   0.0489611 0.000102119
       13250   0.0489086   0.0489609 0.000101733
       13300   0.0509099   0.0489682 0.000101614
       13350   0.0483164   0.0489658 0.000101262
       13400   0.0483457   0.0489635  0.00010091
       13450   0.0495226   0.0489656 0.000100556
       13500   0.0454562   0.0489526 0.000101022
       13550   0.0507509   0.0489592 0.000100867
       13600   0.0488123   0.0489587 0.000100497
       13650   0.0490813   0.0489591  0.00010013
       13700   0.0492988   0.0489603 9.97712e-05
       13750   0.0496937    0.048963 9.94435e-05
       13800   0.0465689   0.0489543 9.94615e-05
       13850   0.0476599   0.0489497 9.92119e-05
       13900    0.051306   0.0489581 9.92171e-05
       13950   0.0512211   0.0489662  9.9193e-05
       14000   0.0505505   0.0489719 9.89999e-05
       14050   0.0482545   0.0489694   9.868e-05
       14100   0.0502236   0.0489738   9.843e-05
       14150    0.048816   0.0489732 9.80832e-05
       14200   0.0477501   0.0489689  9.7832e-05
       14250   0.0522016   0.0489803 9.81458e-05
       14300   0.0488282   0.0489797 9.78035e-05
       14350   0.0498778   0.0489829 9.75123e-05
       14400   0.0500721   0.0489867 9.72467e-05
       14450    0.045779   0.0489756 9.75432e-05
       14500    0.049203   0.0489763 9.72094e-05
       14550   0.0495626   0.0489784 9.68957e-05
       14600    0.049552   0.0489803 9.65833e-05
       14650   0.0475716   0.0489755 9.63731e-05
       14700   0.0514234   0.0489838  9.6405e-05
       14750   0.0515145   0.0489924 9.64598e-05
       14800   0.0491008   0.0489928 9.61341e-05
       14850   0.0471774   0.0489867 9.60047e-05
       14900   0.0468718   0.0489796 9.59448e-05
       14950   0.0488814   0.0489792 9.56239e-05
       15000   0.0475531   0.0489745 9.54231e-05
       15050   0.0485932   0.0489732  9.5114e-05
       15100   0.0476579   0.0489689 9.48985e-05
       15150   0.0485509   0.0489675 9.45949e-05
       15200   0.0482675   0.0489652 9.43113e-05
       15250   0.0487147   0.0489644 9.40052e-05
       15300   0.0498123   0.0489671 9.37384e-05
       15350    0.048792   0.0489666 9.34343e-05
       15400   0.0487966    0.048966 9.31321e-05
       15450   0.0508235    0.048972 9.30247e-05
       15500   0.0491699   0.0489727 9.27263e-05
       15550   0.0488033   0.0489721 9.24293e-05
       15600   0.0463982   0.0489639 9.25011e-05
       15650   0.0486699   0.0489629 9.22099e-05
       15700   0.0489741    0.048963 9.19158e-05
       15750   0.0489609    0.048963 9.16235e-05
       15800   0.0478808   0.0489595 9.13973e-05
       15850   0.0512157   0.0489667 9.13861e-05
       15900   0.0486296   0.0489656 9.11044e-05
       15950   0.0523729   0.0489763 9.14444e-05
       16000   0.0486712   0.0489753 9.11631e-05
       16050   0.0503654   0.0489797 9.09818e-05
       16100   0.0474239   0.0489748 9.08274e-05
       16150   0.0514369   0.0489824 9.08661e-05
       16200   0.0490158   0.0489825 9.05852e-05
       16250   0.0524554   0.0489932 9.09361e-05
       16300   0.0496413   0.0489952 9.06785e-05
       16350   0.0501772   0.0489988  9.0473e-05
       16400   0.0491833   0.0489994 9.01985e-05
       16450   0.0497521   0.0490017  8.9953e-05
       16500   0.0492331   0.0490024 8.96828e-05
       16550   0.0500512   0.0490056 8.94676e-05
       16600   0.0483487   0.0490036 8.92196e-05
       16650   0.0508675   0.0490092 8.91272e-05
       16700   0.0494954   0.0490106 8.88719e-05
       16750   0.0514249   0.0490178 8.88988e-05
       16800   0.0482532   0.0490156  8.8663e-05
       16850   0.0494975    0.049017 8.84111e-05
       16900   0.0493677    0.049018 8.81553e-05
       16950   0.0482547   0.0490158 8.79237e-05
       17000    0.051828    0.049024  8.8054e-05
       17050    0.046285    0.049016 8.81621e-05
       17100   0.0490823   0.0490162 8.79042e-05
       17150   0.0500555   0.0490192 8.76999e-05
       17200   0.0499051   0.0490218 8.74825e-05
       17250   0.0477456   0.0490181 8.73069e-05
       17300   0.0495048   0.0490195 8.70656e-05
       17350   0.0460006   0.0490108 8.72492e-05
       17400   0.0496853   0.0490128 8.70197e-05
       17450   0.0487492    0.049012 8.67733e-05
       17500   0.0475646   0.0490079 8.66238e-05
       17550   0.0494838   0.0490092 8.63872e-05
       17600   0.0468484   0.0490031 8.63599e-05
       17650   0.0491234   0.0490034 8.61156e-05
       17700    0.049845   0.0490058 8.59049e-05
       17750   0.0505385   0.0490101 8.57713e-05
       17800   0.0479792   0.0490072 8.55791e-05
       17850   0.0489049   0.0490069 8.53395e-05
       17900   0.0467807   0.0490007 8.53277e-05
       17950   0.0490349   0.0490008 8.50897e-05
       18000   0.0489053   0.0490006 8.48534e-05
       18050   0.0498167   0.0490028 8.46483e-05
       18100   0.0502218   0.0490062 8.44812e-05
       18150   0.0503955     0.04901 8.43351e-05
       18200   0.0482697    0.049008 8.41277e-05
       18250    0.047406   0.0490036 8.40116e-05
       18300   0.0495374    0.049005 8.37944e-05
       18350   0.0474243   0.0490007 8.36767e-05
       18400   0.0473016   0.0489961 8.35767e-05
       18450   0.0491745   0.0489966 8.33513e-05
       18500   0.0491302    0.048997 8.31265e-05
       18550   0.0498647   0.0489993 8.29351e-05
       18600    0.051093   0.0490049 8.29031e-05
       18650   0.0502667   0.0490083 8.27497e-05
       18700   0.0497478   0.0490103 8.25519e-05
       18750   0.0466415    0.049004 8.25734e-05
       18800   0.0479668   0.0490012 8.23997e-05
       18850   0.0490505   0.0490013 8.21809e-05
       18900    0.048223   0.0489993 8.19891e-05
       18950   0.0454458   0.0489899 8.23082e-05
       19000   0.0500743   0.0489928 8.21409e-05
       19050   0.0505665   0.0489969 8.20291e-05
       19100   0.0490008   0.0489969 8.18141e-05
       19150   0.0489224   0.0489967 8.16004e-05
       19200   0.0522483   0.0490052  8.1827e-05
       19250   0.0527662   0.0490149 8.21967e-05
       19300   0.0519469   0.0490225 8.23346e-05
       19350   0.0501969   0.0490256 8.21776e-05
       19400   0.0502783   0.0490288 8.20291e-05
       19450   0.0528615   0.0490387 8.24091e-05
       19500   0.0461732   0.0490313 8.25252e-05
       19550   0.0508262   0.0490359 8.24418e-05
       19600   0.0469466   0.0490306 8.24038e-05
       19650   0.0477236   0.0490272 8.22611e-05
       19700    0.047725   0.0490239 8.21186e-05
       19750   0.0492207   0.0490244 8.19119e-05
       19800   0.0477042   0.0490211 8.17728e-05
       19850    0.048472   0.0490197 8.15783e-05
       19900   0.0495361    0.049021 8.13834e-05
       19950   0.0491121   0.0490212 8.11795e-05
       20000   0.0495974   0.0490227 8.09891e-05
       20050   0.0492187   0.0490232 8.07884e-05
       20100   0.0495382   0.0490245 8.05973e-05
       20150   0.0482338   0.0490225  8.0421e-05
       20200   0.0496458    0.049024 8.02365e-05
       20250   0.0478893   0.0490212 8.00872e-05
       20300   0.0507383   0.0490255 8.00016e-05
       20350   0.0495014   0.0490266 7.98133e-05
       20400   0.0479914   0.0490241 7.96579e-05
       20450   0.0494151   0.0490251 7.94686e-05
       20500   0.0467443   0.0490195 7.94695e-05
       20550   0.0500253   0.0490219 7.93137e-05
       20600   0.0499063   0.0490241 7.91501e-05
       20650   0.0526724   0.0490329 7.94508e-05
       20700   0.0480057   0.0490304 7.92975e-05
       20750   0.0498117   0.0490323 7.91286e-05
       20800   0.0482427   0.0490304 7.89609e-05
       20850   0.0490267   0.0490304 7.87714e-05
       20900    0.047709   0.0490273 7.86462e-05
       20950   0.0510252    0.049032 7.86031e-05
       21000   0.0501816   0.0490348 7.84635e-05
       21050   0.0497863   0.0490365 7.82972e-05
       21100   0.0484115   0.0490351 7.81255e-05
       21150   0.0503808   0.0490382 7.80055e-05
       21200    0.050069   0.0490407 7.78593e-05
       21250   0.0483374    0.049039 7.76935e-05
       21300   0.0489325   0.0490388 7.75113e-05
       21350   0.0492366   0.0490392 7.73309e-05
       21400   0.0497764    0.049041 7.71693e-05
       21450   0.0506565   0.0490447 7.70812e-05
       21500   0.0488345   0.0490442 7.69033e-05
       21550   0.0482276   0.0490423 7.67481e-05
       21600   0.0509511   0.0490468 7.66976e-05
       21650   0.0466035   0.0490411  7.6728e-05
       21700   0.0517002   0.0490472 7.67958e-05
       21750   0.0493371   0.0490479  7.6622e-05
       21800   0.0472433   0.0490438  7.6558e-05
       21850   0.0487323   0.0490431 7.63859e-05
       21900   0.0489662   0.0490429 7.62115e-05
       21950   0.0482062    0.049041 7.60616e-05
       22000   0.0504598   0.0490442  7.5957e-05
       22050   0.0481051   0.0490421 7.58145e-05
       22100   0.0475489   0.0490387 7.57182e-05
       22150   0.0471787   0.0490345 7.56637e-05
       22200   0.0487639   0.0490339 7.54955e-05
       22250   0.0486808   0.0490331 7.53299e-05
       22300   0.0493457   0.0490338  7.5164e-05
       22350   0.0479423   0.0490313 7.50354e-05
       22400   0.0460303   0.0490246 7.51668e-05
       22450   0.0456849   0.0490172 7.53672e-05
       22500    0.047681   0.0490142 7.52581e-05
       22550    0.052269   0.0490215 7.54371e-05
       22600   0.0474451    0.049018 7.53508e-05
       22650   0.0470663   0.0490137 7.53076e-05
       22700   0.0489156   0.0490134 7.51418e-05
       22750   0.0482248   0.0490117 7.49965e-05
       22800   0.0492149   0.0490122 7.48332e-05
       22850   0.0512349    0.049017 7.48275e-05
       22900   0.0479718   0.0490147 7.46988e-05
       22950   0.0491492    0.049015 7.45365e-05
       23000   0.0468979   0.0490104 7.45165e-05
       23050   0.0476819   0.0490075 7.44105e-05
       23100   0.0477356   0.0490048 7.43003e-05
       23150   0.0465733   0.0489995 7.43254e-05
       23200   0.0489946   0.0489995 7.41651e-05
       23250   0.0523868   0.0490068 7.43631e-05
       23300   0.0501417   0.0490093 7.42433e-05
       23350   0.0511377   0.0490138 7.42242e-05
       23400   0.0500522    0.049016 7.40986e-05
       23450   0.0494073   0.0490169 7.39452e-05
       23500   0.0480291   0.0490148 7.38176e-05
       23550   0.0479509   0.0490125 7.36953e-05
       23600   0.0509426   0.0490166 7.36526e-05
       23650   0.0502425   0.0490192 7.35424e-05
       23700   0.0510355   0.0490234 7.35103e-05
       23750   0.0469017    0.049019 7.34913e-05
       23800   0.0502854   0.0490216 7.33849e-05
       23850   0.0472206   0.0490179 7.33282e-05
       23900   0.0518299   0.0490237 7.34107e-05
       23950   0.0492183   0.0490241 7.32584e-05
       24000   0.0527108   0.0490318  7.3508e-05
       24050   0.0478027   0.0490293 7.33995e-05
       24100   0.0489357   0.0490291 7.32474e-05
       24150   0.0490172   0.0490291 7.30955e-05
       24200   0.0481706   0.0490273 7.29659e-05
       24250   0.0459271   0.0490209 7.30954e-05
       24300   0.0486825   0.0490202 7.29481e-05
       24350   0.0498114   0.0490218 7.28163e-05
       24400   0.0469677   0.0490176 7.27887e-05
       24450   0.0492116    0.049018 7.26408e-05
       24500   0.0485307    0.049017 7.24992e-05
       24550    0.047438   0.0490138 7.24229e-05
       24600   0.0513696   0.0490186  7.2434e-05
       24650   0.0515827   0.0490238 7.24738e-05
       24700   0.0481003   0.0490219 7.23511e-05
       24750   0.0496739   0.0490232 7.22168e-05
       24800   0.0490717   0.0490233 7.20711e-05
       24850   0.0488892   0.0490231 7.19264e-05
       24900   0.0531409   0.0490313 7.22565e-05
       24950   0.0479378   0.0490291 7.21449e-05
       25000    0.050581   0.0490322 7.20673e-05
       25050    0.051097   0.0490364 7.20413e-05
       25100   0.0511031   0.0490405 7.20154e-05
       25150   0.0492675   0.0490409 7.18735e-05
       25200   0.0485383   0.0490399 7.17377e-05
       25250   0.0500346   0.0490419 7.16226e-05
       25300   0.0451932   0.0490343 7.18845e-05
       25350   0.0484059   0.0490331 7.17532e-05
       25400   0.0502151   0.0490354 7.16497e-05
       25450   0.0466976   0.0490308 7.16561e-05
       25500   0.0504107   0.0490335 7.15666e-05
       25550   0.0497187   0.0490348  7.1439e-05
       25600   0.0528442   0.0490423 7.16865e-05
       25650   0.0479958   0.0490402 7.15757e-05
       25700   0.0490671   0.0490403 7.14363e-05
       25750   0.0482295   0.0490387 7.13149e-05
       25800   0.0508726   0.0490423 7.12652e-05
       25850   0.0474242   0.0490391  7.1196e-05
       25900   0.0483442   0.0490378 7.10711e-05
       25950   0.0477212   0.0490353 7.09794e-05
       26000   0.0497188   0.0490366  7.0855e-05
       26050   0.0488581   0.0490362 7.07197e-05
       26100   0.0482243   0.0490347 7.06012e-05
       26150   0.0489919   0.0490346 7.04661e-05
       26200   0.0496575   0.0490358 7.03416e-05
       26250   0.0484767   0.0490347 7.02155e-05
       26300   0.0469774   0.0490308  7.0191e-05
       26350   0.0489735   0.0490307 7.00577e-05
       26400   0.0480448   0.0490288 6.99499e-05
       26450   0.0469961    0.049025 6.99232e-05
       26500   0.0499403   0.0490267 6.98125e-05
       26550   0.0493632   0.0490273 6.96838e-05
       26600   0.0486316   0.0490266 6.95566e-05
       26650   0.0488356   0.0490262 6.94269e-05
       26700   0.0479015   0.0490241 6.93288e-05
       26750   0.0465256   0.0490195 6.93565e-05
       26800   0.0473838   0.0490164 6.92942e-05
       26850   0.0494174   0.0490172 6.91691e-05
       26900   0.0520195   0.0490227 6.92656e-05
       26950   0.0501511   0.0490248 6.91686e-05
       27000   0.0515697   0.0490295 6.92011e-05
       27050   0.0483515   0.0490283 6.90844e-05
       27100   0.0475191   0.0490255  6.9013e-05
       27150   0.0480082   0.0490236 6.89113e-05
       27200   0.0460768   0.0490182 6.89974e-05
       27250   0.0480344   0.0490164 6.88944e-05
       27300   0.0481832   0.0490149  6.8785e-05
       27350   0.0467369   0.0490107 6.87853e-05
       27400   0.0487283   0.0490102 6.86616e-05
       27450   0.0519236   0.0490155 6.87416e-05
       27500    0.051067   0.0490192 6.87178e-05
       27550   0.0498331   0.0490207 6.86089e-05
       27600   0.0498545   0.0490222 6.85011e-05
       27650   0.0493981   0.0490229 6.83805e-05
       27700   0.0492958   0.0490234 6.82588e-05
       27750   0.0497771   0.0490248 6.81492e-05
       27800   0.0512798   0.0490288 6.81473e-05
       27850   0.0496911     0.04903 6.80352e-05
       27900   0.0491114   0.0490302 6.79134e-05
       27950   0.0482466   0.0490288 6.78062e-05
       28000   0.0509723   0.0490322  6.7774e-05
       28050   0.0487104   0.0490317 6.76555e-05
       28100   0.0509653   0.0490351 6.76226e-05
       28150   0.0500059   0.0490368 6.75244e-05
       28200   0.0491832   0.0490371 6.74051e-05
       28250   0.0472821    0.049034 6.73573e-05
       28300   0.0503034   0.0490362 6.72756e-05
       28350   0.0484132   0.0490351 6.71658e-05
       28400   0.0514866   0.0490394 6.71862e-05
       28450   0.0495284   0.0490403 6.70736e-05
       28500   0.0476333   0.0490378 6.70013e-05
       28550   0.0524024   0.0490437 6.71429e-05
       28600    0.048239   0.0490423 6.70402e-05
       28650   0.0502437   0.0490444 6.69559e-05
       28700   0.0501457   0.0490463 6.68667e-05
       28750   0.0465211   0.0490419 6.68946e-05
       28800    0.051299   0.0490458 6.68932e-05
       28850   0.0474497   0.0490431 6.68345e-05
       28900   0.0467683   0.0490391 6.68347e-05
       28950   0.0491939   0.0490394 6.67197e-05
       29000    0.049874   0.0490409 6.66201e-05
       29050   0.0485783   0.0490401 6.65101e-05
       29100   0.0494659   0.0490408 6.63998e-05
       29150   0.0469818   0.0490373 6.63798e-05
       29200   0.0472606   0.0490342 6.63359e-05
       29250   0.0461787   0.0490293  6.6402e-05
       29300   0.0478483   0.0490273 6.63192e-05
       29350   0.0482705    0.049026 6.62187e-05
       29400   0.0493525   0.0490266 6.61083e-05
       29450   0.0491471   0.0490268 6.59963e-05
       29500   0.0467581   0.0490229 6.59965e-05
       29550   0.0519371   0.0490279  6.6069e-05
       29600   0.0498074   0.0490292 6.59704e-05
       29650   0.0470036   0.0490258 6.59476e-05
       29700   0.0518895   0.0490306 6.60128e-05
       29750   0.0505369   0.0490331 6.59503e-05
       29800   0.0487656   0.0490327 6.58411e-05
       29850   0.0498568   0.0490341 6.57452e-05
       29900    0.050985   0.0490373 6.57162e-05
       29950   0.0483888   0.0490362 6.56154e-05
       30000   0.0500133   0.0490379 6.55262e-05
       30050   0.0486179   0.0490372 6.54208e-05
       30100   0.0486791   0.0490366 6.53147e-05
       30150   0.0459684   0.0490315 6.54045e-05
       30200    0.049429   0.0490321 6.52995e-05
       30250   0.0514819   0.0490362 6.53171e-05
       30300   0.0497328   0.0490373 6.52193e-05
       30350   0.0486388   0.0490367 6.51151e-05
       30400   0.0475887   0.0490343 6.50515e-05
       30450   0.0493638   0.0490348 6.49469e-05
       30500    0.049674   0.0490359 6.48488e-05
       30550   0.0488622   0.0490356 6.47432e-05
       30600   0.0487961   0.0490352 6.46385e-05
       30650   0.0441502   0.0490272 6.50231e-05
       30700   0.0504759   0.0490296   6.496e-05
       30750   0.0530887   0.0490362 6.51893e-05
       30800   0.0499152   0.0490376  6.5099e-05
       30850   0.0481413   0.0490362 6.50096e-05
       30900   0.0486715   0.0490356  6.4907e-05
       30950    0.048132   0.0490341 6.48185e-05
       31000   0.0501817    0.049036 6.47404e-05
       31050   0.0496679    0.049037 6.46441e-05
       31100   0.0464431   0.0490328 6.46746e-05
       31150   0.0490456   0.0490329 6.45707e-05
       31200   0.0515279   0.0490368 6.45911e-05
       31250   0.0483077   0.0490357 6.44982e-05
       31300   0.0507156   0.0490384  6.4451e-05
       31350   0.0473396   0.0490357 6.44051e-05
       31400   0.0490421   0.0490357 6.43025e-05
       31450   0.0490057   0.0490356 6.42002e-05
       31500   0.0489268   0.0490354 6.40984e-05
       31550   0.0490868   0.0490355 6.39968e-05
       31600   0.0475165   0.0490331 6.39406e-05
       31650   0.0474326   0.0490306 6.38896e-05
       31700   0.0472771   0.0490278 6.38487e-05
       31750   0.0528179   0.0490338 6.40269e-05
       31800   0.0474583   0.0490313 6.39741e-05
       31850   0.0484199   0.0490304 6.38808e-05
       31900   0.0483993   0.0490294 6.37883e-05
       31950   0.0485026   0.0490285 6.36937e-05
       32000   0.0474651   0.0490261  6.3641e-05
       32050   0.0466355   0.0490224  6.3651e-05
       32100   0.0488251   0.0490221 6.35525e-05
       32150   0.0521308   0.0490269 6.36375e-05
       32200   0.0500325   0.0490285 6.35578e-05
       32250   0.0475796   0.0490262 6.34989e-05
       32300   0.0491559   0.0490264 6.34009e-05
       32350   0.0460918   0.0490219 6.34651e-05
       32400   0.0480287   0.0490204 6.33856e-05
       32450   0.0515595   0.0490243 6.34087e-05
       32500   0.0495308    0.049025 6.33159e-05
       32550   0.0511791   0.0490284 6.33051e-05
       32600   0.0478457   0.0490265 6.32339e-05
       32650   0.0491941   0.0490268 6.31375e-05
       32700   0.0490954   0.0490269  6.3041e-05
       32750   0.0499357   0.0490283   6.296e-05
       32800   0.0474154   0.0490258  6.2912e-05
       32850   0.0492701   0.0490262 6.28172e-05
       32900   0.0473857   0.0490237 6.27712e-05
       32950   0.0486497   0.0490231 6.26785e-05
       33000    0.048825   0.0490228 6.25842e-05
       33050   0.0467414   0.0490194 6.25847e-05
       33100   0.0443575   0.0490123 6.28856e-05
       33150   0.0491266   0.0490125 6.27909e-05
       33200   0.0483362   0.0490115 6.27045e-05
       33250   0.0489668   0.0490114 6.26102e-05
       33300   0.0478852   0.0490097  6.2539e-05
       33350   0.0477412   0.0490078 6.24741e-05
       33400   0.0484103   0.0490069 6.23869e-05
       33450   0.0497754   0.0490081 6.23042e-05
       33500   0.0490497   0.0490082 6.22112e-05
       33550   0.0502787     0.04901 6.21472e-05
       33600    0.051695    0.049014 6.21832e-05
       33650   0.0487058   0.0490136 6.20924e-05
       33700   0.0471029   0.0490108  6.2065e-05
       33750   0.0499246   0.0490121 6.19878e-05
       33800   0.0478317   0.0490104 6.19206e-05
       33850    0.049556   0.0490112 6.18343e-05
       33900   0.0459928   0.0490067 6.19034e-05
       33950   0.0482168   0.0490055 6.18231e-05
       34000   0.0457061   0.0490007 6.19225e-05
       34050   0.0488445   0.0490005 6.18319e-05
       34100   0.0507872   0.0490031 6.17967e-05
       34150   0.0485492   0.0490024 6.17098e-05
       34200   0.0493789    0.049003  6.1622e-05
       34250   0.0491478   0.0490032 6.15323e-05
       34300   0.0521617   0.0490078 6.16148e-05
       34350   0.0515624   0.0490115 6.16373e-05
       34400   0.0492501   0.0490119 6.15486e-05
       34450   0.0456448    0.049007 6.16532e-05
       34500   0.0469415    0.049004 6.16365e-05
       34550   0.0503293   0.0490059 6.15771e-05
       34600   0.0505627   0.0490081 6.15292e-05
       34650   0.0466155   0.0490047 6.15373e-05
       34700   0.0506534   0.0490071 6.14945e-05
       34750   0.0477281   0.0490052 6.14335e-05
       34800    0.045826   0.0490007  6.1515e-05
       34850   0.0490786   0.0490008 6.14268e-05
       34900   0.0497044   0.0490018  6.1347e-05
       34950   0.0491741    0.049002 6.12597e-05
       35000   0.0490163    0.049002 6.11721e-05
       35050   0.0501228   0.0490036 6.11057e-05
       35100   0.0492238    0.049004 6.10194e-05
       35150   0.0456436   0.0489992 6.11197e-05
       35200   0.0494782   0.0489999 6.10367e-05
       35250   0.0521817   0.0490044 6.11169e-05
       35300   0.0492078   0.0490047 6.10309e-05
       35350    0.046469   0.0490011   6.105e-05
       35400   0.0524814    0.049006 6.11616e-05
       35450   0.0464814   0.0490024  6.1179e-05
       35500   0.0478931   0.0490009 6.11127e-05
       35550   0.0496226   0.0490017  6.1033e-05
       35600   0.0496683   0.0490027 6.09544e-05
       35650   0.0514527   0.0490061 6.09657e-05
       35700   0.0466614   0.0490028 6.09688e-05
       35750   0.0497742   0.0490039  6.0893e-05
       35800    0.047484   0.0490018 6.08449e-05
       35850   0.0498908    0.049003 6.07727e-05
       35900     0.04821   0.0490019  6.0698e-05
       35950   0.0496004   0.0490028 6.06193e-05
       36000   0.0482879   0.0490018 6.05431e-05
       36050   0.0493186   0.0490022 6.04607e-05
       36100   0.0466885    0.048999 6.04619e-05
       36150   0.0493305   0.0489995   6.038e-05
       36200   0.0461963   0.0489956 6.04207e-05
       36250   0.0472205   0.0489931 6.03869e-05
       36300   0.0503502    0.048995 6.03327e-05
       36350   0.0504158    0.048997 6.02813e-05
       36400   0.0467568   0.0489939 6.02771e-05
       36450   0.0455999   0.0489892 6.03741e-05
       36500   0.0489342   0.0489891 6.02914e-05
       36550    0.047598   0.0489872 6.02389e-05
       36600   0.0501214   0.0489888 6.01765e-05
       36650   0.0473675   0.0489866  6.0135e-05
       36700   0.0488939   0.0489865 6.00532e-05
       36750   0.0507721   0.0489889 6.00206e-05
       36800   0.0497158   0.0489899 5.99472e-05
       36850   0.0481032   0.0489887 5.98778e-05
       36900   0.0476935   0.0489869 5.98224e-05
       36950    0.049983   0.0489883 5.97566e-05
       37000   0.0491662   0.0489885 5.96763e-05
       37050   0.0488655   0.0489883 5.95959e-05
       37100   0.0467884   0.0489854 5.95894e-05
       37150   0.0501612    0.048987 5.95301e-05
       37200   0.0495877   0.0489878 5.94556e-05
       37250   0.0507918   0.0489902 5.94251e-05
       37300    0.048018   0.0489889 5.93596e-05
       37350   0.0508086   0.0489913 5.93302e-05
       37400   0.0485899   0.0489908 5.92532e-05
       37450    0.050654    0.048993 5.92157e-05
       37500   0.0485514   0.0489924 5.91396e-05
       37550   0.0498426   0.0489935 5.90717e-05
       37600   0.0485975    0.048993 5.89954e-05
       37650   0.0489459    0.048993 5.89171e-05
       37700   0.0489114   0.0489928  5.8839e-05
       37750   0.0517072   0.0489964 5.88709e-05
       37800   0.0513352   0.0489995 5.88743e-05
       37850   0.0459437   0.0489955 5.89349e-05
       37900   0.0499565   0.0489968 5.88707e-05
       37950   0.0483541   0.0489959 5.87992e-05
       38000   0.0465235   0.0489927 5.88118e-05
       38050   0.0495083   0.0489933 5.87384e-05
       38100   0.0483492   0.0489925 5.86674e-05
       38150   0.0503463   0.0489943 5.86173e-05
       38200   0.0514952   0.0489975  5.8632e-05
       38250   0.0477208   0.0489959  5.8579e-05
       38300   0.0494527   0.0489965 5.85056e-05
       38350   0.0504045   0.0489983 5.84581e-05
       38400   0.0511535   0.0490011 5.84493e-05
       38450   0.0504641    0.049003 5.84042e-05
       38500   0.0467776   0.0490001 5.83999e-05
       38550   0.0497409   0.0490011  5.8332e-05
       38600    0.050203   0.0490026 5.82772e-05
       38650   0.0491926   0.0490029 5.82023e-05
       38700   0.0489281   0.0490028 5.81271e-05
       38750   0.0483407   0.0490019 5.80584e-05
       38800   0.0488853   0.0490018 5.79837e-05
       38850   0.0468496    0.048999 5.79752e-05
       38900   0.0492133   0.0489993 5.79013e-05
       38950   0.0485654   0.0489987 5.78296e-05
       39000   0.0481286   0.0489976 5.77662e-05
       39050   0.0482888   0.0489967 5.76993e-05
       39100   0.0511811   0.0489995 5.76932e-05
       39150   0.0497661   0.0490005 5.76277e-05
       39200    0.049169   0.0490007 5.75546e-05
       39250   0.0473408   0.0489986 5.75201e-05
       39300   0.0506451   0.0490007 5.74851e-05
       39350   0.0508369    0.049003 5.74594e-05
       39400   0.0484162   0.0490023 5.73912e-05
       39450   0.0479727    0.049001 5.73333e-05
       39500   0.0477541   0.0489994 5.72824e-05
       39550   0.0479872   0.0489981 5.72243e-05
       39600   0.0481361    0.048997 5.71623e-05
       39650   0.0472438   0.0489948  5.7133e-05
       39700   0.0493657   0.0489953 5.70629e-05
       39750   0.0470894   0.0489929 5.70415e-05
       39800   0.0485579   0.0489923 5.69724e-05
       39850   0.0495386    0.048993  5.6905e-05
       39900   0.0470889   0.0489906 5.68837e-05
       39950   0.0512652   0.0489935 5.68838e-05
       40000   0.0463858   0.0489902  5.6906e-05
       40050   0.0477783   0.0489887 5.68551e-05
       40100   0.0477826   0.0489872 5.68041e-05
       40150   0.0476197   0.0489855 5.67588e-05
       40200   0.0502561   0.0489871 5.67102e-05
       40250   0.0488125   0.0489869 5.66401e-05
       40300   0.0481357   0.0489858 5.65797e-05
       40350   0.0496943   0.0489867 5.65163e-05
       40400   0.0481719   0.0489857 5.64554e-05
       40450   0.0487386   0.0489854 5.63864e-05
       40500   0.0495314    0.048986 5.63207e-05
       40550   0.0515128   0.0489892 5.63375e-05
       40600   0.0523015   0.0489932 5.64157e-05
       40650   0.0483116   0.0489924 5.63525e-05
       40700   0.0469838   0.0489899 5.63373e-05
       40750     0.04866   0.0489895 5.62696e-05
       40800   0.0505303   0.0489914 5.62323e-05
       40850   0.0471796   0.0489892 5.62072e-05
       40900   0.0448017   0.0489841 5.63714e-05
       40950   0.0474289   0.0489822 5.63345e-05
       41000   0.0493243   0.0489826 5.62673e-05
       41050   0.0473362   0.0489806 5.62345e-05
       41100   0.0508193   0.0489828 5.62106e-05
       41150   0.0484025   0.0489821 5.61467e-05
       41200   0.0462938   0.0489789 5.61733e-05
       41250   0.0473504   0.0489769 5.61399e-05
       41300   0.0505853   0.0489788 5.61057e-05
       41350   0.0495189   0.0489795 5.60416e-05
       41400   0.0505692   0.0489814 5.60068e-05
       41450   0.0500272   0.0489827 5.59534e-05
       41500   0.0479995   0.0489815 5.58985e-05
       41550   0.0482148   0.0489806 5.58388e-05
       41600   0.0485737   0.0489801 5.57738e-05
       41650   0.0465813   0.0489772 5.57812e-05
       41700   0.0486292   0.0489768 5.57158e-05
       41750   0.0476187   0.0489752 5.56728e-05
       41800   0.0513924    0.048978 5.56813e-05
       41850   0.0496049   0.0489788 5.56198e-05
       41900   0.0492607   0.0489791 5.55544e-05
       41950   0.0517566   0.0489824 5.55868e-05
       42000   0.0472994   0.0489804 5.55568e-05
       42050   0.0492355   0.0489807 5.54915e-05
       42100   0.0498187   0.0489817 5.54345e-05
       42150   0.0476134   0.0489801 5.53925e-05
       42200   0.0482906   0.0489793 5.53328e-05
       42250   0.0513246   0.0489821  5.5337e-05
       42300   0.0494356   0.0489826 5.52741e-05
       42350   0.0491292   0.0489828 5.52091e-05
       42400   0.0507436   0.0489849  5.5183e-05
       42450   0.0484732   0.0489843 5.51213e-05
       42500   0.0488857   0.0489841 5.50565e-05
       42550   0.0490089   0.0489842 5.49918e-05
       42600   0.0502202   0.0489856 5.49464e-05
       42650   0.0508349   0.0489878 5.49247e-05
       42700   0.0489551   0.0489877 5.48604e-05
       42750   0.0486522   0.0489874 5.47976e-05
       42800   0.0510581   0.0489898  5.4787e-05
       42850   0.0495889   0.0489905 5.47275e-05
       42900   0.0493044   0.0489908 5.46649e-05
       42950   0.0477515   0.0489894 5.46202e-05
       43000   0.0485837   0.0489889 5.45587e-05
       43050   0.0500249   0.0489901 5.45086e-05
       43100   0.0488063   0.0489899 5.44458e-05
       43150   0.0479255   0.0489887 5.43966e-05
       43200   0.0471387   0.0489865 5.43758e-05
       43250   0.0470778   0.0489843 5.43577e-05
       43300   0.0493615   0.0489848 5.42966e-05
       43350   0.0504812   0.0489865 5.42614e-05
       43400   0.0493933    0.048987 5.42009e-05
       43450   0.0485159   0.0489864 5.41412e-05
       43500   0.0479051   0.0489852 5.40932e-05
       43550   0.0479594    0.048984 5.40439e-05
       43600   0.0509566   0.0489863 5.40293e-05
       43650   0.0498692   0.0489873 5.39768e-05
       43700   0.0475095   0.0489856 5.39416e-05
       43750   0.0484351    0.048985 5.38836e-05
       43800   0.0495144   0.0489856 5.38254e-05
       43850   0.0486072   0.0489851 5.37657e-05
       43900   0.0494223   0.0489856 5.37068e-05
       43950   0.0496611   0.0489864 5.36511e-05
       44000   0.0485252   0.0489859 5.35927e-05
       44050   0.0472438   0.0489839 5.35683e-05
       44100   0.0490987    0.048984 5.35077e-05
       44150   0.0477545   0.0489826 5.34652e-05
       44200   0.0490589   0.0489827 5.34048e-05
       44250   0.0484794   0.0489821 5.33474e-05
       44300   0.0486271   0.0489817 5.32887e-05
       44350   0.0488483   0.0489816 5.32288e-05
       44400   0.0506053   0.0489834 5.32003e-05
       44450   0.0483758   0.0489827 5.31448e-05
       44500   0.0477639   0.0489814 5.31027e-05
       44550   0.0453517   0.0489773 5.31992e-05
       44600   0.0484222   0.0489767 5.31432e-05
       44650   0.0509959   0.0489789 5.31318e-05
       44700   0.0490131    0.048979 5.30724e-05
       44750   0.0476569   0.0489775 5.30336e-05
       44800   0.0497148   0.0489783 5.29808e-05
       44850   0.0464217   0.0489755 5.29984e-05
       44900   0.0505612   0.0489772 5.29688e-05
       44950   0.0488537   0.0489771   5.291e-05
       45000   0.0473793   0.0489753  5.2881e-05
       45050    0.050903   0.0489775 5.28656e-05
       45100   0.0501044   0.0489787 5.28217e-05
       45150   0.0466846   0.0489762 5.28243e-05
       45200   0.0462008   0.0489731 5.28551e-05
       45250   0.0469947   0.0489709 5.28419e-05
       45300   0.0505093   0.0489726 5.28108e-05
       45350   0.0519691   0.0489759 5.28559e-05
       45400   0.0490141    0.048976 5.27977e-05
       45450   0.0480023   0.0489749 5.27504e-05
       45500   0.0506742   0.0489768 5.27255e-05
       45550   0.0477669   0.0489754 5.26844e-05
       45600   0.0470956   0.0489734 5.26669e-05
       45650   0.0476115   0.0489719 5.26303e-05
       45700   0.0502244   0.0489732 5.25906e-05
       45750   0.0514724    0.048976  5.2604e-05
       45800   0.0499661   0.0489771 5.25577e-05
       45850   0.0499956   0.0489782 5.25121e-05
       45900   0.0488184    0.048978 5.24551e-05
       45950   0.0522177   0.0489815 5.25165e-05
       46000   0.0473535   0.0489797 5.24892e-05
       46050   0.0482723    0.048979 5.24378e-05
       46100   0.0493457   0.0489794 5.23824e-05
       46150   0.0504309   0.0489809 5.23493e-05
       46200   0.0508025   0.0489829 5.23297e-05
       46250   0.0485462   0.0489824 5.22753e-05
       46300   0.0516208   0.0489853 5.22964e-05
       46350   0.0468911    0.048983 5.22888e-05
       46400   0.0493935   0.0489835 5.22343e-05
       46450   0.0491911   0.0489837 5.21785e-05
       46500   0.0486321   0.0489833 5.21238e-05
       46550   0.0484083   0.0489827 5.20714e-05
       46600   0.0476334   0.0489813 5.20357e-05
       46650   0.0492503   0.0489815 5.19807e-05
       46700   0.0499237   0.0489826 5.19348e-05
       46750   0.0465181   0.0489799 5.19461e-05
       46800   0.0475412   0.0489784 5.19133e-05
       46850   0.0490108   0.0489784 5.18579e-05
       46900   0.0479816   0.0489774 5.18135e-05
       46950   0.0489946   0.0489774 5.17583e-05
       47000   0.0487503   0.0489771 5.17038e-05
       47050   0.0485652   0.0489767 5.16507e-05
       47100    0.048645   0.0489763  5.1597e-05
       47150   0.0495206   0.0489769 5.15455e-05
       47200   0.0502258   0.0489782 5.15078e-05
       47250   0.0476253   0.0489768 5.14732e-05
       47300   0.0486278   0.0489764 5.14201e-05
       47350   0.0489508   0.0489764 5.13658e-05
       47400   0.0496848   0.0489772  5.1317e-05
       47450   0.0490158   0.0489772 5.12629e-05
       47500   0.0487646    0.048977 5.12094e-05
       47550   0.0523883   0.0489806 5.12812e-05
       47600   0.0463625   0.0489778  5.1301e-05
       47650   0.0476075   0.0489764 5.12673e-05
       47700   0.0513525   0.0489789 5.12741e-05
       47750   0.0463861   0.0489762 5.12923e-05
       47800    0.048568   0.0489757 5.12404e-05
       47850   0.0481402   0.0489749 5.11943e-05
       47900      0.0491    0.048975  5.1141e-05
       47950   0.0481991   0.0489742  5.1094e-05
       48000   0.0503113   0.0489756 5.10598e-05
       48050   0.0495589   0.0489762 5.10102e-05
       48100   0.0474589   0.0489746 5.09816e-05
       48150   0.0468986   0.0489724 5.09742e-05
       48200   0.0500341   0.0489735 5.09332e-05
       48250   0.0482601   0.0489728 5.08858e-05
       48300   0.0493838   0.0489732 5.08348e-05
       48350   0.0505277   0.0489748 5.08077e-05
       48400   0.0502033   0.0489761  5.0771e-05
       48450   0.0511152   0.0489783 5.07666e-05
       48500   0.0486956    0.048978 5.07151e-05
       48550   0.0497208   0.0489788 5.06686e-05
       48600   0.0451108   0.0489748 5.07726e-05
       48650   0.0457364   0.0489715 5.08295e-05
       48700   0.0495953   0.0489721 5.07813e-05
       48750    0.046677   0.0489698 5.07838e-05
       48800   0.0461752   0.0489669 5.08125e-05
       48850   0.0496444   0.0489676 5.07652e-05
       48900   0.0486907   0.0489673 5.07141e-05
       48950   0.0476857    0.048966 5.06791e-05
       49000   0.0502366   0.0489673  5.0644e-05
       49050   0.0498443   0.0489682 5.06002e-05
       49100   0.0478706   0.0489671  5.0561e-05
       49150   0.0499944   0.0489681 5.05204e-05
       49200   0.0474319   0.0489666 5.04932e-05
       49250   0.0513814    0.048969 5.05014e-05
       49300   0.0481675   0.0489682 5.04567e-05
       49350   0.0511098   0.0489704 5.04523e-05
       49400   0.0478931   0.0489693  5.0413e-05
       49450   0.0451027   0.0489654 5.05135e-05
       49500   0.0494494   0.0489659 5.04648e-05
       49550   0.0502138   0.0489671 5.04296e-05
       49600    0.047628   0.0489658 5.03968e-05
       49650   0.0492412    0.048966 5.03468e-05
       49700   0.0508958    0.048968 5.03336e-05
       49750   0.0464605   0.0489655 5.03461e-05
       49800   0.0497704   0.0489663  5.0302e-05
       49850   0.0481587   0.0489655  5.0258e-05
       49900   0.0495385    0.048966 5.02109e-05
       49950   0.0466647   0.0489637 5.02135e-05
       50000   0.0481005   0.0489629 5.01707e-05
