          50   -0.418955   -0.418955           0
         100   -0.432395   -0.425675  0.00671991
         150   -0.437039   -0.429463  0.00542241
         200   -0.385132    -0.41838   0.0117273
         250   -0.400496   -0.414803  0.00976278
         300   -0.388237   -0.410376  0.00911846
         350   -0.392784   -0.407863  0.00810592
         400   -0.410968   -0.408251  0.00703066
         450   -0.399585   -0.407288  0.00627477
         500   -0.395875   -0.406147  0.00572719
         550   -0.412953   -0.406765  0.00521726
         600    -0.38494   -0.404947  0.00509815
         650    -0.44126    -0.40774  0.00545852
         700    -0.43913   -0.409982  0.00552866
         750   -0.403635   -0.409559  0.00516427
         800   -0.404434   -0.409239  0.00484134
         850    -0.38461    -0.40779  0.00477283
         900   -0.411498   -0.407996  0.00450458
         950   -0.429545    -0.40913  0.00440927
        1000   -0.396322    -0.40849  0.00423174
        1050   -0.407684   -0.408451  0.00402537
        1100   -0.421295   -0.409035  0.00388219
        1150   -0.421085   -0.409559  0.00374637
        1200   -0.428716   -0.410357  0.00367462
        1250   -0.396195   -0.409791  0.00356981
        1300   -0.400707   -0.409441  0.00344751
        1350   -0.406042   -0.409316  0.00331975
        1400   -0.432267   -0.410135  0.00330234
        1450   -0.425856   -0.410677  0.00323222
        1500   -0.418173   -0.410927   0.0031326
        1550   -0.424703   -0.411372  0.00306228
        1600   -0.416569   -0.411534  0.00296948
        1650   -0.406648   -0.411386   0.0028819
        1700   -0.425947   -0.411814  0.00282846
        1750   -0.385755    -0.41107  0.00284559
        1800   -0.410884   -0.411064  0.00276542
        1850   -0.457267   -0.412313  0.00296538
        1900   -0.377258   -0.411391  0.00303013
        1950   -0.404177   -0.411206   0.0029572
        2000   -0.386027   -0.410576  0.00295026
        2050   -0.444078   -0.411393  0.00299117
        2100   -0.427729   -0.411782  0.00294488
        2150   -0.430434   -0.412216  0.00290811
        2200   -0.425994   -0.412529  0.00285845
        2250   -0.405631   -0.412376  0.00279841
        2300   -0.397518   -0.412053  0.00275589
        2350   -0.405612   -0.411916   0.0027001
        2400   -0.423226   -0.412151  0.00265373
        2450   -0.442691   -0.412775   0.0026727
        2500   -0.409111   -0.412701  0.00261972
        2550    -0.40475   -0.412546  0.00257257
        2600    -0.43056   -0.412892  0.00254629
        2650    -0.42425   -0.413106  0.00250696
        2700   -0.401787   -0.412897  0.00246901
        2750    -0.42843   -0.413179   0.0024401
        2800   -0.428181   -0.413447  0.00241106
        2850   -0.427028   -0.413685  0.00238034
        2900   -0.414901   -0.413706  0.00233903
        2950   -0.419671   -0.413807  0.00230127
        3000   -0.411832   -0.413774  0.00226283
        3050   -0.412433   -0.413752  0.00222553
        3100   -0.420752   -0.413865  0.00219225
        3150   -0.417466   -0.413922  0.00215793
        3200   -0.423791   -0.414077  0.00212953
        3250   -0.394965   -0.413783  0.00211703
        3300   -0.437311   -0.414139  0.00211497
        3350   -0.435598   -0.414459  0.00210764
        3400   -0.441202   -0.414853  0.00211333
        3450   -0.404487   -0.414702  0.00208789
        3500   -0.389546   -0.414343  0.00208899
        3550   -0.397846   -0.414111  0.00207243
        3600   -0.417964   -0.414164  0.00204414
        3650   -0.402721   -0.414007  0.00202203
        3700   -0.407789   -0.413923  0.00199629
        3750   -0.401935   -0.413764  0.00197597
        3800   -0.386279   -0.413402  0.00198305
        3850   -0.418581   -0.413469  0.00195828
        3900   -0.404435   -0.413353  0.00193648
        3950   -0.431512   -0.413583  0.00192558
        4000   -0.451162   -0.414053  0.00195852
        4050   -0.406715   -0.413962  0.00193631
        4100   -0.412663   -0.413947  0.00191262
        4150   -0.386333   -0.413614   0.0019185
        4200   -0.416348   -0.413646   0.0018958
        4250   -0.400665   -0.413494  0.00187958
        4300   -0.394232    -0.41327  0.00187105
        4350    -0.40612   -0.413188  0.00185124
        4400   -0.405257   -0.413097   0.0018323
        4450   -0.434797   -0.413341  0.00182793
        4500   -0.411111   -0.413316  0.00180768
        4550   -0.425863   -0.413454  0.00179301
        4600    -0.41875   -0.413512  0.00177435
        4650   -0.390199   -0.413261  0.00177298
        4700   -0.425466   -0.413391  0.00175881
        4750    -0.44309   -0.413704  0.00176806
        4800   -0.387539   -0.413431  0.00177065
        4850   -0.398352   -0.413276  0.00175918
        4900    -0.42081   -0.413353  0.00174283
        4950   -0.402022   -0.413238  0.00172893
        5000      -0.388   -0.412986  0.00173006
        5050   -0.399338   -0.412851  0.00171817
        5100   -0.451173   -0.413226  0.00174223
        5150   -0.406663   -0.413163  0.00172641
        5200   -0.397431   -0.413011  0.00171641
        5250   -0.415828   -0.413038  0.00170019
        5300   -0.385247   -0.412776  0.00170436
        5350   -0.417255   -0.412818  0.00168888
        5400   -0.395752    -0.41266  0.00168061
        5450   -0.457287   -0.413069  0.00171472
        5500   -0.437273   -0.413289  0.00171325
        5550    -0.39906   -0.413161  0.00170258
        5600   -0.437147   -0.413375  0.00170084
        5650   -0.405409   -0.413305   0.0016872
        5700   -0.402226   -0.413208  0.00167515
        5750   -0.449087    -0.41352  0.00168958
        5800   -0.409268   -0.413483  0.00167535
        5850   -0.419824   -0.413537  0.00166185
        5900   -0.412159   -0.413525  0.00164775
        5950   -0.441484    -0.41376  0.00165065
        6000   -0.403301   -0.413673  0.00163916
        6050   -0.408924   -0.413634  0.00162603
        6100   -0.416451   -0.413657  0.00161281
        6150   -0.418198   -0.413694  0.00160007
        6200    -0.43696   -0.413882  0.00159817
        6250   -0.417858   -0.413913  0.00158565
        6300   -0.425257   -0.414003  0.00157559
        6350   -0.424063   -0.414083  0.00156514
        6400   -0.407628   -0.414032  0.00155368
        6450    -0.43307    -0.41418  0.00154864
        6500   -0.424077   -0.414256  0.00153856
        6550   -0.438667   -0.414442   0.0015381
        6600   -0.402729   -0.414353  0.00152898
        6650   -0.444572   -0.414581  0.00153436
        6700   -0.402714   -0.414492  0.00152544
        6750   -0.435593   -0.414648  0.00152214
        6800   -0.459339   -0.414977  0.00154623
        6850   -0.405442   -0.414907  0.00153648
        6900   -0.393555   -0.414753  0.00153313
        6950     -0.4126   -0.414737  0.00152214
        7000   -0.408052   -0.414689  0.00151199
        7050   -0.420738   -0.414732  0.00150184
        7100   -0.419849   -0.414768  0.00149166
        7150   -0.410855   -0.414741  0.00148144
        7200   -0.414444   -0.414739  0.00147112
        7250   -0.461786   -0.415063  0.00149654
        7300   -0.405715   -0.414999  0.00148763
        7350   -0.399933   -0.414897  0.00148103
        7400   -0.411088   -0.414871  0.00147121
        7450   -0.418021   -0.414892  0.00146146
        7500   -0.497592   -0.415444  0.00155285
        7550   -0.375595    -0.41518  0.00156494
        7600   -0.429983   -0.415277  0.00155766
        7650   -0.426846   -0.415353  0.00154929
        7700    -0.41755   -0.415367  0.00153927
        7750   -0.422349   -0.415412  0.00152997
        7800   -0.412466   -0.415393  0.00152024
        7850   -0.443459   -0.415572  0.00152107
        7900   -0.404677   -0.415503  0.00151299
        7950   -0.454023   -0.415745  0.00152283
        8000   -0.414778   -0.415739   0.0015133
        8050   -0.418531   -0.415757  0.00150397
        8100   -0.382591   -0.415552  0.00150861
        8150   -0.431352   -0.415649  0.00150246
        8200   -0.407678     -0.4156  0.00149406
        8250   -0.391718   -0.415455  0.00149202
        8300   -0.424871   -0.415512  0.00148408
        8350   -0.436075   -0.415635   0.0014803
        8400   -0.405629   -0.415576  0.00147267
        8450   -0.409552    -0.41554  0.00146436
        8500   -0.395817   -0.415424  0.00146034
        8550   -0.385612    -0.41525   0.0014622
        8600   -0.428096   -0.415324  0.00145559
        8650   -0.421513    -0.41536   0.0014476
        8700   -0.425869   -0.415421  0.00144052
        8750   -0.408391    -0.41538  0.00143283
        8800   -0.417103    -0.41539   0.0014247
        8850   -0.400243   -0.415305  0.00141921
        8900   -0.442078   -0.415455  0.00141921
        8950    -0.39873   -0.415362  0.00141435
        9000   -0.401488   -0.415285  0.00140858
        9050   -0.382693   -0.415104   0.0014123
        9100   -0.428052   -0.415176  0.00140632
        9150   -0.403119    -0.41511  0.00140016
        9200   -0.429224   -0.415186  0.00139464
        9250   -0.394104   -0.415072  0.00139176
        9300   -0.429616   -0.415151  0.00138646
        9350   -0.402472   -0.415083  0.00138069
        9400   -0.398669   -0.414996   0.0013761
        9450     -0.3993   -0.414913  0.00137132
        9500   -0.426791   -0.414975  0.00136551
        9550   -0.407709   -0.414937  0.00135888
        9600   -0.381073   -0.414761  0.00136324
        9650   -0.397381   -0.414671  0.00135914
        9700   -0.407746   -0.414635  0.00135259
        9750   -0.397154   -0.414545  0.00134862
        9800   -0.398472   -0.414463  0.00134423
        9850   -0.450205   -0.414645  0.00134963
        9900   -0.431166   -0.414728  0.00134539
        9950   -0.436534   -0.414838  0.00134309
       10000   -0.407823   -0.414803  0.00133682
       10050   -0.407018   -0.414764  0.00133071
       10100   -0.404151   -0.414711  0.00132515
       10150    -0.40066   -0.414642  0.00132042
       10200   -0.398814   -0.414565  0.00131622
       10250   -0.393083    -0.41446  0.00131397
       10300   -0.438944   -0.414579  0.00131297
       10350   -0.411937   -0.414566  0.00130667
       10400   -0.444015   -0.414707  0.00130806
       10450    -0.41002   -0.414685  0.00130198
       10500   -0.425877   -0.414738  0.00129686
       10550   -0.389546   -0.414619  0.00129621
       10600   -0.414158   -0.414617  0.00129008
       10650   -0.411121     -0.4146  0.00128412
       10700   -0.454588   -0.414787  0.00129169
       10750   -0.381748   -0.414633  0.00129482
       10800   -0.420418    -0.41466  0.00128909
       10850   -0.394092   -0.414565  0.00128663
       10900   -0.407718   -0.414534   0.0012811
       10950   -0.432019   -0.414614  0.00127773
       11000   -0.395505   -0.414527  0.00127488
       11050   -0.420872   -0.414556  0.00126942
       11100   -0.404525   -0.414511   0.0012645
       11150   -0.391789   -0.414409  0.00126293
       11200   -0.409395   -0.414386  0.00125748
       11250   -0.424016   -0.414429  0.00125261
       11300   -0.415465   -0.414434  0.00124706
       11350   -0.403311   -0.414385  0.00124252
       11400   -0.436584   -0.414482  0.00124089
       11450   -0.412874   -0.414475  0.00123548
       11500    -0.39741   -0.414401  0.00123233
       11550   -0.394223   -0.414313  0.00123009
       11600   -0.407405   -0.414284  0.00122514
       11650    -0.40567   -0.414247  0.00122043
       11700   -0.414127   -0.414246   0.0012152
       11750    -0.44745   -0.414388  0.00121824
       11800   -0.414384   -0.414387  0.00121307
       11850   -0.411544   -0.414375    0.001208
       11900   -0.419029   -0.414395  0.00120307
       11950   -0.391132   -0.414298  0.00120197
       12000   -0.454616   -0.414466  0.00120868
       12050   -0.404548   -0.414425  0.00120436
       12100   -0.378731   -0.414277  0.00120841
       12150   -0.387605   -0.414167  0.00120842
       12200   -0.434348    -0.41425   0.0012063
       12250   -0.421594    -0.41428  0.00120174
       12300    -0.38717    -0.41417  0.00120191
       12350   -0.411167   -0.414158  0.00119709
       12400   -0.411988   -0.414149  0.00119229
       12450   -0.410347   -0.414134  0.00118759
       12500   -0.446157   -0.414262  0.00118974
       12550   -0.411483   -0.414251  0.00118504
       12600   -0.384018   -0.414131  0.00118641
       12650   -0.435605   -0.414216  0.00118476
       12700   -0.403915   -0.414175  0.00118078
       12750   -0.408804   -0.414154  0.00117633
       12800   -0.438119   -0.414248  0.00117546
       12850   -0.419649   -0.414269  0.00117107
       12900   -0.429857   -0.414329  0.00116808
       12950   -0.416259   -0.414336  0.00116359
       13000   -0.391081   -0.414247  0.00116255
       13050   -0.414197   -0.414247  0.00115809
       13100   -0.425192   -0.414289  0.00115442
       13150   -0.413838   -0.414287  0.00115002
       13200   -0.406683   -0.414258  0.00114602
       13250   -0.407268   -0.414232  0.00114199
       13300   -0.398113   -0.414171   0.0011393
       13350   -0.386495   -0.414067  0.00113975
       13400   -0.414502   -0.414069  0.00113549
       13450     -0.4012   -0.414021  0.00113227
       13500   -0.418709   -0.414039   0.0011282
       13550   -0.424143   -0.414076  0.00112465
       13600   -0.396915   -0.414013  0.00112228
       13650   -0.446699   -0.414132  0.00112456
       13700   -0.395283   -0.414064  0.00112255
       13750   -0.400749   -0.414015  0.00111951
       13800   -0.408215   -0.413994  0.00111565
       13850   -0.393382    -0.41392   0.0011141
       13900   -0.393257   -0.413846  0.00111257
       13950   -0.394874   -0.413778  0.00111066
       14000   -0.381722   -0.413663  0.00111259
       14050   -0.392483   -0.413588  0.00111118
       14100   -0.414563   -0.413591  0.00110724
       14150   -0.412444   -0.413587  0.00110333
       14200   -0.396291   -0.413526  0.00110112
       14250   -0.427272   -0.413574  0.00109831
       14300   -0.430852   -0.413635  0.00109613
       14350   -0.386616   -0.413541  0.00109635
       14400   -0.412836   -0.413538  0.00109254
       14450   -0.426728   -0.413584  0.00108971
       14500   -0.424417   -0.413621  0.00108659
       14550   -0.392815    -0.41355  0.00108521
       14600   -0.398582   -0.413498   0.0010827
       14650   -0.403127   -0.413463  0.00107958
       14700   -0.410977   -0.413455  0.00107593
       14750   -0.412299   -0.413451  0.00107229
       14800   -0.414865   -0.413455  0.00106867
       14850   -0.447821   -0.413571  0.00107133
       14900   -0.413828   -0.413572  0.00106773
       14950   -0.431912   -0.413633  0.00106592
       15000   -0.398281   -0.413582  0.00106359
       15050   -0.411777   -0.413576  0.00106007
       15100   -0.413328   -0.413575  0.00105656
       15150   -0.430791   -0.413632  0.00105459
       15200   -0.406899    -0.41361  0.00105135
       15250   -0.386908   -0.413522  0.00105155
       15300   -0.415082   -0.413528  0.00104812
       15350   -0.433696   -0.413593  0.00104677
       15400   -0.405956   -0.413568  0.00104366
       15450   -0.384311   -0.413474  0.00104457
       15500    -0.40553   -0.413448  0.00104151
       15550   -0.408996   -0.413434  0.00103826
       15600   -0.430175   -0.413488  0.00103631
       15650   -0.451573   -0.413609  0.00104014
       15700   -0.394885    -0.41355  0.00103854
       15750   -0.410865   -0.413541  0.00103527
       15800   -0.458103   -0.413682  0.00104158
       15850   -0.419909   -0.413702  0.00103847
       15900   -0.429631   -0.413752  0.00103641
       15950   -0.432594   -0.413811  0.00103485
       16000   -0.420574   -0.413832  0.00103182
       16050   -0.404923   -0.413804  0.00102898
       16100   -0.428177   -0.413849  0.00102675
       16150   -0.406556   -0.413826  0.00102381
       16200   -0.419571   -0.413844   0.0010208
       16250   -0.418801   -0.413859  0.00101777
       16300   -0.417409    -0.41387   0.0010147
       16350   -0.405083   -0.413843  0.00101195
       16400   -0.405593   -0.413818  0.00100918
       16450   -0.418654   -0.413833  0.00100621
       16500   -0.402229   -0.413798  0.00100377
       16550   -0.405992   -0.413774  0.00100101
       16600   -0.421604   -0.413798 0.000998272
       16650   -0.402885   -0.413765 0.000995809
       16700   -0.433656   -0.413824 0.000994608
       16750   -0.418748   -0.413839 0.000991744
       16800   -0.408933   -0.413825 0.000988895
       16850   -0.404678   -0.413797  0.00098633
       16900   -0.422264   -0.413822 0.000983727
       16950   -0.406681   -0.413801 0.000981047
       17000   -0.416205   -0.413808 0.000978183
       17050   -0.438791   -0.413882 0.000978058
       17100   -0.414784   -0.413884 0.000975197
       17150   -0.420424   -0.413903 0.000972537
       17200   -0.418958   -0.413918 0.000969817
       17250   -0.399814   -0.413877 0.000967865
       17300   -0.384404   -0.413792 0.000968816
       17350   -0.409877   -0.413781 0.000966086
       17400   -0.439345   -0.413854 0.000966103
       17450   -0.446131   -0.413947  0.00096776
       17500   -0.403218   -0.413916 0.000965478
       17550   -0.428068   -0.413956 0.000963567
       17600    -0.44658   -0.414049 0.000965285
       17650   -0.391386   -0.413985 0.000964686
       17700   -0.426019   -0.414019 0.000962557
       17750   -0.408693   -0.414004 0.000959959
       17800   -0.422356   -0.414027 0.000957546
       17850   -0.423924   -0.414055 0.000955263
       17900   -0.447135   -0.414147 0.000957062
       17950   -0.427618   -0.414185 0.000955129
       18000    -0.40792   -0.414168 0.000952631
       18050    -0.40307   -0.414137 0.000950486
       18100   -0.398744   -0.414094  0.00094881
       18150   -0.420763   -0.414113 0.000946371
       18200   -0.414355   -0.414113 0.000943768
       18250   -0.459525   -0.414238 0.000949366
       18300   -0.391608   -0.414176 0.000948786
       18350   -0.387585   -0.414103 0.000948967
       18400   -0.399496   -0.414064 0.000947217
       18450   -0.399801   -0.414025 0.000945437
       18500   -0.407806   -0.414008 0.000943028
       18550   -0.415725   -0.414013 0.000940494
       18600   -0.393343   -0.413957 0.000939607
       18650   -0.416378   -0.413964 0.000937107
       18700   -0.399518   -0.413925 0.000935395
       18750   -0.404358     -0.4139 0.000933247
       18800   -0.418198   -0.413911 0.000930831
       18850   -0.402667   -0.413881 0.000928838
       18900   -0.413624   -0.413881 0.000926378
       18950   -0.446509   -0.413967 0.000927932
       19000   -0.423506   -0.413992 0.000925828
       19050   -0.405262   -0.413969 0.000923679
       19100   -0.407772   -0.413953   0.0009214
       19150   -0.395566   -0.413905 0.000920245
       19200   -0.401306   -0.413872 0.000918431
       19250   -0.382212    -0.41379 0.000919726
       19300   -0.419829   -0.413805 0.000917474
       19350   -0.375886   -0.413707 0.000920331
       19400   -0.398634   -0.413668 0.000918777
       19450   -0.398835    -0.41363 0.000917205
       19500   -0.395034   -0.413583 0.000916092
       19550   -0.382042   -0.413502   0.0009173
       19600   -0.425635   -0.413533 0.000915481
       19650   -0.421933   -0.413554 0.000913398
       19700   -0.397275   -0.413513 0.000912014
       19750   -0.403155   -0.413487  0.00091008
       19800   -0.397607   -0.413447 0.000908664
       19850   -0.411981   -0.413443  0.00090638
       19900   -0.394502   -0.413395 0.000905351
       19950   -0.410548   -0.413388 0.000903107
       20000   -0.403584   -0.413364  0.00090118
       20050   -0.412574   -0.413362 0.000898932
       20100   -0.432799    -0.41341 0.000897996
       20150   -0.411775   -0.413406 0.000895774
       20200   -0.398191   -0.413368 0.000894347
       20250    -0.38867   -0.413307 0.000894218
       20300   -0.423798   -0.413333 0.000892387
       20350   -0.413319   -0.413333 0.000890192
       20400   -0.398867   -0.413298 0.000888715
       20450    -0.40046   -0.413266 0.000887095
       20500   -0.410018   -0.413258 0.000884964
       20550   -0.398536   -0.413223 0.000883535
       20600   -0.413066   -0.413222 0.000881388
       20650   -0.391362   -0.413169 0.000880843
       20700    -0.42994    -0.41321 0.000879646
       20750   -0.410438   -0.413203 0.000877549
       20800   -0.418504   -0.413216  0.00087553
       20850   -0.452659   -0.413311 0.000878534
       20900   -0.444774   -0.413386 0.000879656
       20950   -0.432139   -0.413431 0.000878695
       21000    -0.41113   -0.413425 0.000876618
       21050   -0.408002   -0.413412 0.000874628
       21100   -0.424073   -0.413437 0.000872918
       21150   -0.406492   -0.413421 0.000871007
       21200   -0.409835   -0.413413 0.000868991
       21250    -0.41486   -0.413416 0.000866951
       21300   -0.418652   -0.413428 0.000865001
       21350       -0.41    -0.41342  0.00086301
       21400   -0.424894   -0.413447 0.000861409
       21450   -0.417535   -0.413457 0.000859451
       21500    -0.43457   -0.413506 0.000858855
       21550   -0.431888   -0.413548 0.000857921
       21600   -0.401584   -0.413521  0.00085638
       21650   -0.402714   -0.413496 0.000854765
       21700   -0.378159   -0.413414 0.000856671
       21750   -0.417224   -0.413423 0.000854744
       21800   -0.440754   -0.413486 0.000855082
       21850   -0.442442   -0.413552 0.000855693
       21900   -0.408268    -0.41354 0.000853822
       21950   -0.388783   -0.413483 0.000853739
       22000   -0.394219    -0.41344 0.000852921
       22050   -0.383236   -0.413371 0.000853737
       22100   -0.408507    -0.41336 0.000851874
       22150   -0.400097    -0.41333 0.000850476
       22200   -0.439218   -0.413389 0.000850559
       22250   -0.429671   -0.413425 0.000849434
       22300   -0.395609   -0.413385 0.000848468
       22350   -0.418815   -0.413397 0.000846655
       22400   -0.425761   -0.413425 0.000845214
       22450   -0.441637   -0.413488 0.000845667
       22500   -0.430462   -0.413526 0.000844628
       22550    -0.38234   -0.413456 0.000845585
       22600   -0.417646   -0.413466 0.000843763
       22650   -0.414329   -0.413468 0.000841901
       22700   -0.409409   -0.413459 0.000840092
       22750   -0.437173   -0.413511 0.000839862
       22800   -0.432937   -0.413553 0.000839101
       22850    -0.41202    -0.41355 0.000837269
       22900   -0.422408   -0.413569 0.000835663
       22950   -0.377841   -0.413491 0.000837466
       23000   -0.398053   -0.413458 0.000836317
       23050    -0.38826   -0.413403 0.000836289
       23100   -0.433562   -0.413447 0.000835617
       23150   -0.447218    -0.41352 0.000836994
       23200   -0.377855   -0.413443 0.000838718
       23250   -0.409337   -0.413434 0.000836959
       23300   -0.426478   -0.413462  0.00083563
       23350   -0.390237   -0.413412  0.00083532
       23400   -0.408409   -0.413402 0.000833602
       23450   -0.435703   -0.413449 0.000833181
       23500   -0.441025   -0.413508 0.000833474
       23550   -0.430128   -0.413543 0.000832451
       23600   -0.417974   -0.413553 0.000830738
       23650    -0.41991   -0.413566 0.000829089
       23700   -0.418678   -0.413577 0.000827408
       23750   -0.429472    -0.41361 0.000826342
       23800   -0.429808   -0.413644 0.000825306
       23850   -0.408406   -0.413633 0.000823647
       23900   -0.406537   -0.413618 0.000822057
       23950   -0.429766   -0.413652 0.000821031
       24000   -0.367202   -0.413555 0.000825014
       24050    -0.41772   -0.413564 0.000823342
       24100   -0.393891   -0.413523 0.000822646
       24150   -0.400316   -0.413496 0.000821396
       24200   -0.399735   -0.413467  0.00082019
       24250   -0.431377   -0.413504  0.00081933
       24300   -0.403361   -0.413484 0.000817908
       24350   -0.411041   -0.413479 0.000816243
       24400   -0.415156   -0.413482 0.000814575
       24450   -0.404196   -0.413463  0.00081313
       24500   -0.391629   -0.413418 0.000812691
       24550   -0.426734   -0.413446 0.000811487
       24600   -0.426382   -0.413472 0.000810263
       24650   -0.404644   -0.413454 0.000808816
       24700   -0.422979   -0.413473 0.000807407
       24750   -0.414913   -0.413476  0.00080578
       24800   -0.423369   -0.413496 0.000804401
       24850   -0.448939   -0.413567 0.000805942
       24900   -0.408161   -0.413557 0.000804395
       24950   -0.407999   -0.413545 0.000802859
       25000   -0.395858    -0.41351 0.000802032
       25050   -0.404218   -0.413491 0.000800645
       25100   -0.401991   -0.413469 0.000799376
       25150   -0.398347   -0.413438 0.000798352
       25200   -0.425513   -0.413462 0.000797126
       25250   -0.409879   -0.413455 0.000795578
       25300   -0.404674   -0.413438 0.000794194
       25350    -0.41854   -0.413448  0.00079269
       25400   -0.417967   -0.413457 0.000791178
       25450   -0.441489   -0.413512  0.00079154
       25500   -0.409777   -0.413505  0.00079002
       25550   -0.387096   -0.413453 0.000790165
       25600    -0.37724   -0.413382 0.000791785
       25650   -0.412295    -0.41338 0.000790243
       25700   -0.431222   -0.413415 0.000789468
       25750   -0.405984     -0.4134 0.000788066
       25800   -0.401466   -0.413377 0.000786877
       25850   -0.422454   -0.413395  0.00078555
       25900   -0.399059   -0.413367  0.00078452
       25950   -0.406528   -0.413354 0.000783118
       26000   -0.421015   -0.413369 0.000781749
       26050   -0.407751   -0.413358 0.000780322
       26100   -0.433971   -0.413397 0.000779826
       26150   -0.457289   -0.413481 0.000782845
       26200   -0.412815    -0.41348  0.00078135
       26250   -0.397883    -0.41345 0.000780426
       26300   -0.449206   -0.413518 0.000781902
       26350   -0.403382   -0.413499 0.000780654
       26400   -0.410292   -0.413493 0.000779197
       26450   -0.402758   -0.413473 0.000777988
       26500   -0.405373   -0.413458 0.000776669
       26550   -0.397622   -0.413428 0.000775778
       26600   -0.418593   -0.413437 0.000774379
       26650   -0.416267   -0.413443 0.000772943
       26700   -0.441188   -0.413495 0.000773242
       26750   -0.419335   -0.413506 0.000771873
       26800    -0.43862   -0.413552 0.000771855
       26850   -0.455896   -0.413631 0.000774441
       26900    -0.42115   -0.413645 0.000773126
       26950   -0.414127   -0.413646 0.000771691
       27000   -0.424251   -0.413666 0.000770511
       27050   -0.416414   -0.413671 0.000769102
       27100   -0.415825   -0.413675 0.000767692
       27150   -0.406329   -0.413661 0.000766397
       27200   -0.391887   -0.413621 0.000766033
       27250   -0.423952    -0.41364 0.000764861
       27300   -0.432299   -0.413674 0.000764223
       27350   -0.418766   -0.413684 0.000762882
       27400   -0.404658   -0.413667 0.000761666
       27450   -0.395797   -0.413635 0.000760974
       27500   -0.411954   -0.413632 0.000759596
       27550   -0.394977   -0.413598 0.000758971
       27600   -0.408815   -0.413589 0.000757645
       27650   -0.405957   -0.413575 0.000756399
       27700   -0.425884   -0.413598 0.000755359
       27750   -0.402205   -0.413577 0.000754277
       27800   -0.419405   -0.413587 0.000752992
       27850   -0.416646   -0.413593 0.000751659
       27900   -0.416105   -0.413597 0.000750324
       27950   -0.425654   -0.413619 0.000749291
       28000   -0.389758   -0.413576 0.000749164
       28050   -0.403631   -0.413559 0.000748038
       28100   -0.402983    -0.41354 0.000746943
       28150   -0.384271   -0.413488 0.000747425
       28200   -0.405117   -0.413473 0.000746246
       28250   -0.453124   -0.413543 0.000748223
       28300   -0.422552   -0.413559 0.000747069
       28350   -0.449843   -0.413623 0.000748491
       28400   -0.409345   -0.413616  0.00074721
       28450   -0.407519   -0.413605 0.000745973
       28500   -0.402568   -0.413586 0.000744914
       28550    -0.40952   -0.413578 0.000743643
       28600   -0.430369   -0.413608 0.000742922
       28650   -0.412048   -0.413605 0.000741629
       28700   -0.404229   -0.413589 0.000740516
       28750   -0.412496   -0.413587  0.00073923
       28800   -0.396567   -0.413557 0.000738536
       28850   -0.412832   -0.413556 0.000737256
       28900   -0.434323   -0.413592 0.000736856
       28950   -0.393323   -0.413557 0.000736415
       29000   -0.388906   -0.413514 0.000736372
       29050   -0.425621   -0.413535 0.000735399
       29100   -0.426783   -0.413558 0.000734487
       29150   -0.403542   -0.413541 0.000733427
       29200   -0.423336   -0.413558 0.000732362
       29250   -0.393538   -0.413523  0.00073191
       29300   -0.413581   -0.413524  0.00073066
       29350   -0.411099   -0.413519 0.000729426
       29400   -0.408352   -0.413511 0.000728237
       29450   -0.397604   -0.413484 0.000727501
       29500   -0.438356   -0.413526 0.000727489
       29550   -0.390488   -0.413487 0.000727303
       29600   -0.400264   -0.413464 0.000726417
       29650   -0.408458   -0.413456  0.00072524
       29700   -0.437854   -0.413497 0.000725182
       29750   -0.446605   -0.413553 0.000726097
       29800   -0.432529   -0.413585 0.000725577
       29850   -0.395725   -0.413555 0.000724978
       29900   -0.415276   -0.413558  0.00072377
       29950   -0.414943    -0.41356 0.000722565
       30000   -0.389871    -0.41352 0.000722439
       30050   -0.403798   -0.413504 0.000721417
       30100   -0.403634   -0.413488 0.000720405
       30150   -0.434442   -0.413523 0.000720048
       30200   -0.396593   -0.413494 0.000719401
       30250   -0.375817   -0.413432 0.000720906
       30300    -0.40474   -0.413418 0.000719858
       30350    -0.43133   -0.413447 0.000719277
       30400   -0.404028   -0.413432  0.00071826
       30450   -0.408414   -0.413424 0.000717127
       30500    -0.39107   -0.413387 0.000716888
       30550   -0.442171   -0.413434 0.000717262
       30600   -0.449207   -0.413493 0.000718471
       30650   -0.449225   -0.413551 0.000719663
       30700   -0.429906   -0.413577 0.000718983
       30750   -0.390384    -0.41354 0.000718803
       30800   -0.407013   -0.413529 0.000717714
       30850   -0.428739   -0.413554 0.000716973
       30900   -0.426583   -0.413575 0.000716123
       30950   -0.383976   -0.413527 0.000716562
       31000   -0.401905   -0.413508 0.000715651
       31050   -0.420749    -0.41352 0.000714593
       31100    -0.44631   -0.413573 0.000715388
       31150   -0.397603   -0.413547 0.000714699
       31200   -0.376996   -0.413489 0.000715953
       31250    -0.40664   -0.413478  0.00071489
       31300   -0.395183   -0.413448 0.000714345
       31350   -0.447134   -0.413502 0.000715226
       31400   -0.422999   -0.413517 0.000714246
       31450    -0.43931   -0.413558 0.000714288
       31500   -0.419119   -0.413567 0.000713207
       31550   -0.377806    -0.41351 0.000714328
       31600   -0.440589   -0.413553 0.000714483
       31650   -0.404428   -0.413539 0.000713499
       31700   -0.428896   -0.413563 0.000712784
       31750   -0.407321   -0.413553 0.000711729
       31800   -0.398676    -0.41353 0.000710994
       31850   -0.426119    -0.41355 0.000710152
       31900   -0.425923   -0.413569 0.000709303
       31950   -0.400466   -0.413548 0.000708489
       32000   -0.422122   -0.413562 0.000707508
       32050   -0.416108   -0.413566 0.000706414
       32100   -0.426352   -0.413586 0.000705594
       32150   -0.386907   -0.413544 0.000705717
       32200   -0.402729   -0.413527  0.00070482
       32250   -0.394187   -0.413497 0.000704365
       32300   -0.426749   -0.413518 0.000703573
       32350    -0.41277   -0.413517 0.000702486
       32400   -0.452227   -0.413577  0.00070394
       32450   -0.394506   -0.413547 0.000703469
       32500   -0.399873   -0.413526   0.0007027
       32550   -0.429601   -0.413551 0.000702055
       32600   -0.406852   -0.413541 0.000701052
       32650   -0.449598   -0.413596 0.000702152
       32700   -0.419406   -0.413605 0.000701134
       32750   -0.404293    -0.41359 0.000700207
       32800   -0.427931   -0.413612 0.000699481
       32850   -0.428839   -0.413635   0.0006988
       32900    -0.43668    -0.41367 0.000698615
       32950   -0.399092   -0.413648 0.000697905
       33000   -0.414959    -0.41365  0.00069685
       33050   -0.430431   -0.413676 0.000696258
       33100   -0.440753   -0.413717 0.000696407
       33150    -0.41133   -0.413713 0.000695365
       33200   -0.425213    -0.41373 0.000694533
       33250   -0.493476    -0.41385  0.00070378
       33300   -0.452022   -0.413908 0.000705056
       33350   -0.419841   -0.413916 0.000704054
       33400   -0.411403   -0.413913  0.00070301
       33450   -0.426543   -0.413932 0.000702212
       33500    -0.43982    -0.41397 0.000702227
       33550   -0.431879   -0.413997 0.000701687
       33600   -0.428217   -0.414018 0.000700962
       33650   -0.408329    -0.41401 0.000699971
       33700   -0.426388   -0.414028 0.000699172
       33750   -0.413536   -0.414027 0.000698136
       33800   -0.417491   -0.414032 0.000697122
       33850   -0.447811   -0.414082 0.000697877
       33900    -0.44738   -0.414131 0.000698575
       33950   -0.400471   -0.414111 0.000697836
       34000   -0.436362   -0.414144 0.000697577
       34050   -0.433105   -0.414172 0.000697108
       34100   -0.405906    -0.41416 0.000696191
       34150   -0.403768   -0.414145 0.000695337
       34200   -0.421859   -0.414156 0.000694411
       34250   -0.396502    -0.41413 0.000693876
       34300   -0.407604   -0.414121 0.000692929
       34350   -0.417496   -0.414125 0.000691937
       34400   -0.406663   -0.414115 0.000691015
       34450   -0.443854   -0.414158  0.00069136
       34500   -0.406991   -0.414147 0.000690436
       34550   -0.400948   -0.414128 0.000689701
       34600   -0.420472   -0.414137 0.000688764
       34650    -0.44436   -0.414181 0.000689151
       34700   -0.408908   -0.414173 0.000688199
       34750   -0.427003   -0.414192 0.000687456
       34800   -0.443711   -0.414234 0.000687777
       34850   -0.417362   -0.414239 0.000686804
       34900   -0.417352   -0.414243 0.000685834
       34950   -0.424543   -0.414258  0.00068501
       35000   -0.400362   -0.414238 0.000684319
       35050   -0.368735   -0.414173 0.000686418
       35100   -0.404474   -0.414159 0.000685579
       35150   -0.456236   -0.414219 0.000687214
       35200   -0.441253   -0.414258 0.000687311
       35250   -0.397603   -0.414234 0.000686742
       35300   -0.405125   -0.414221  0.00068589
       35350   -0.417114   -0.414225 0.000684931
       35400   -0.399115   -0.414204 0.000684296
       35450   -0.402395   -0.414187 0.000683533
       35500   -0.410874   -0.414183 0.000682586
       35550   -0.431139   -0.414206 0.000682042
       35600   -0.392893   -0.414176 0.000681741
       35650    -0.41439   -0.414177 0.000680784
       35700   -0.423657    -0.41419  0.00067996
       35750   -0.412405   -0.414188 0.000679013
       35800   -0.405495   -0.414175 0.000678172
       35850   -0.407305   -0.414166 0.000677294
       35900   -0.415641   -0.414168 0.000676353
       35950   -0.401553    -0.41415 0.000675639
       36000   -0.439629   -0.414186 0.000675628
       36050    -0.49285   -0.414295 0.000683454
       36100   -0.437182   -0.414327 0.000683243
       36150   -0.400951   -0.414308 0.000682548
       36200   -0.384794   -0.414267 0.000682823
       36250    -0.40856   -0.414259 0.000681926
       36300   -0.423171   -0.414272 0.000681096
       36350    -0.41198   -0.414269 0.000680166
       36400   -0.435075   -0.414297 0.000679832
       36450   -0.423634    -0.41431  0.00067902
       36500   -0.400582   -0.414291  0.00067835
       36550   -0.399692   -0.414271 0.000677715
       36600   -0.463685   -0.414339 0.000680147
       36650   -0.410917   -0.414334 0.000679235
       36700   -0.393738   -0.414306 0.000678889
       36750   -0.383144   -0.414264 0.000679289
       36800   -0.405486   -0.414252  0.00067847
       36850   -0.406282   -0.414241 0.000677635
       36900   -0.418452   -0.414246  0.00067674
       36950     -0.4039   -0.414232 0.000675969
       37000   -0.375967   -0.414181 0.000677033
       37050   -0.398028   -0.414159  0.00067647
       37100   -0.425766   -0.414175 0.000675738
       37150   -0.418495    -0.41418 0.000674853
       37200   -0.409954   -0.414175  0.00067397
       37250   -0.394261   -0.414148 0.000673595
       37300   -0.438298    -0.41418  0.00067347
       37350     -0.4044   -0.414167 0.000672695
       37400   -0.424142   -0.414181 0.000671928
       37450   -0.401259   -0.414163 0.000671252
       37500   -0.394773   -0.414138 0.000670854
       37550   -0.402431   -0.414122 0.000670142
       37600   -0.406968   -0.414112 0.000669318
       37650   -0.406845   -0.414103 0.000668498
       37700   -0.395838   -0.414079  0.00066805
       37750    -0.43745   -0.414109 0.000667882
       37800   -0.397894   -0.414088 0.000667343
       37850   -0.425322   -0.414103 0.000666626
       37900   -0.431495   -0.414126 0.000666141
       37950   -0.412031   -0.414123 0.000665269
       38000   -0.422677   -0.414134 0.000664488
       38050   -0.429921   -0.414155 0.000663939
       38100   -0.384605   -0.414116   0.0006642
       38150   -0.395268   -0.414092 0.000663789
       38200   -0.415663   -0.414094 0.000662922
       38250   -0.414789   -0.414095 0.000662056
       38300   -0.423891   -0.414107 0.000661315
       38350   -0.415448   -0.414109 0.000660454
       38400   -0.402289   -0.414094 0.000659773
       38450   -0.454357   -0.414146 0.000660992
       38500   -0.424093   -0.414159 0.000660259
       38550   -0.413907   -0.414159 0.000659402
       38600   -0.390705   -0.414128 0.000659248
       38650   -0.411991   -0.414126   0.0006584
       38700   -0.408971   -0.414119 0.000657583
       38750   -0.406776   -0.414109 0.000656802
       38800   -0.409596   -0.414104 0.000655981
       38850   -0.405178   -0.414092 0.000655237
       38900   -0.423204   -0.414104 0.000654499
       38950   -0.391279   -0.414074 0.000654315
       39000   -0.410447    -0.41407 0.000653492
       39050   -0.394963   -0.414045 0.000653113
       39100   -0.400987   -0.414029 0.000652491
       39150   -0.416298   -0.414032 0.000651663
       39200    -0.42684   -0.414048 0.000651037
       39250   -0.411416   -0.414045 0.000650216
       39300   -0.401066   -0.414028 0.000649598
       39350   -0.422567   -0.414039 0.000648862
       39400   -0.401876   -0.414023 0.000648222
       39450   -0.400862   -0.414007 0.000647615
       39500   -0.395686   -0.413984  0.00064721
       39550   -0.416622   -0.413987   0.0006464
       39600   -0.408498    -0.41398 0.000645621
       39650   -0.425827   -0.413995 0.000644979
       39700   -0.433611    -0.41402  0.00064464
       39750   -0.450968   -0.414066 0.000645504
       39800   -0.403793   -0.414053 0.000644822
       39850   -0.401137   -0.414037 0.000644216
       39900   -0.392051   -0.414009 0.000643998
       39950   -0.431563   -0.414031 0.000643566
       40000   -0.400768   -0.414015 0.000642975
       40050    -0.38542   -0.413979 0.000643163
       40100   -0.422814    -0.41399 0.000642455
       40150   -0.412722   -0.413989 0.000641657
       40200   -0.406769    -0.41398 0.000640921
       40250   -0.424096   -0.413992 0.000640248
       40300    -0.39585    -0.41397 0.000639849
       40350   -0.402363   -0.413955 0.000639217
       40400   -0.441595   -0.413989 0.000639342
       40450   -0.400086   -0.413972 0.000638782
       40500   -0.436134      -0.414 0.000638579
       40550   -0.382757   -0.413961 0.000638954
       40600   -0.383078   -0.413923 0.000639299
       40650    -0.41951    -0.41393 0.000638549
       40700   -0.411333   -0.413927 0.000637772
       40750   -0.419066   -0.413933  0.00063702
       40800   -0.401926   -0.413918 0.000636409
       40850   -0.421581   -0.413928 0.000635699
       40900   -0.435249   -0.413954 0.000635456
       40950   -0.401686   -0.413939 0.000634856
       41000   -0.429364   -0.413958 0.000634361
       41050   -0.410978   -0.413954 0.000633598
       41100   -0.407619   -0.413946 0.000632874
       41150   -0.430779   -0.413967 0.000632435
       41200   -0.424885    -0.41398 0.000631806
       41250   -0.440033   -0.414012 0.000631829
       41300   -0.408138   -0.414004 0.000631104
       41350    -0.42331   -0.414016 0.000630441
       41400   -0.387436   -0.413984 0.000630497
       41450   -0.442146   -0.414018 0.000630651
       41500   -0.442708   -0.414052 0.000630839
       41550   -0.420819    -0.41406 0.000630132
       41600   -0.390487   -0.414032 0.000630011
       41650    -0.39869   -0.414014 0.000629524
       41700   -0.409244   -0.414008 0.000628795
       41750   -0.410838   -0.414004 0.000628053
       41800   -0.418427   -0.414009 0.000627323
       41850   -0.417204   -0.414013 0.000626585
       41900   -0.394133   -0.413989 0.000626286
       41950   -0.394194   -0.413966 0.000625984
       42000   -0.416983   -0.413969 0.000625249
       42050   -0.416606   -0.413973 0.000624513
       42100   -0.400896   -0.413957 0.000623964
       42150   -0.443229   -0.413992  0.00062419
       42200   -0.417984   -0.413996 0.000623468
       42250   -0.396968   -0.413976 0.000623056
       42300   -0.393612   -0.413952 0.000622784
       42350   -0.412952   -0.413951  0.00062205
       42400   -0.407204   -0.413943 0.000621367
       42450   -0.450022   -0.413986 0.000622087
       42500   -0.399195   -0.413968 0.000621599
       42550   -0.418901   -0.413974 0.000620895
       42600   -0.422592   -0.413984 0.000620248
       42650   -0.416238   -0.413987 0.000619526
       42700   -0.431818   -0.414008 0.000619153
       42750   -0.428088   -0.414024 0.000618647
       42800   -0.377375   -0.413981 0.000619406
       42850    -0.40898   -0.413975  0.00061871
       42900   -0.406718   -0.413967 0.000618046
       42950   -0.406904   -0.413959 0.000617381
       43000   -0.429032   -0.413976 0.000616912
       43050   -0.402357   -0.413963 0.000616343
       43100   -0.462344   -0.414019  0.00061818
       43150   -0.435721   -0.414044 0.000617976
       43200   -0.398481   -0.414026 0.000617523
       43250   -0.408276   -0.414019 0.000616844
       43300   -0.379686    -0.41398 0.000617406
       43350   -0.409158   -0.413974 0.000616718
       43400   -0.380481   -0.413936 0.000617215
       43450   -0.410128   -0.413931  0.00061652
       43500   -0.382447   -0.413895 0.000616873
       43550   -0.399041   -0.413878   0.0006164
       43600   -0.379451   -0.413839 0.000616958
       43650   -0.444323   -0.413873 0.000617239
       43700   -0.418308   -0.413879 0.000616553
       43750     -0.4308   -0.413898 0.000616152
       43800   -0.401382   -0.413884 0.000615614
       43850   -0.397028   -0.413864 0.000615212
       43900   -0.383311    -0.41383 0.000615495
       43950   -0.381595   -0.413793 0.000615887
       44000   -0.384946    -0.41376  0.00061606
       44050   -0.407427   -0.413753 0.000615402
       44100   -0.411264    -0.41375  0.00061471
       44150   -0.420056   -0.413757 0.000614055
       44200    -0.45264   -0.413801 0.000614935
       44250   -0.399145   -0.413785 0.000614463
       44300   -0.433912   -0.413807  0.00061419
       44350   -0.426603   -0.413822 0.000613667
       44400   -0.427206   -0.413837  0.00061316
       44450   -0.416292    -0.41384 0.000612476
       44500   -0.424388   -0.413851 0.000611903
       44550   -0.412252    -0.41385 0.000611218
       44600   -0.392477   -0.413826 0.000611003
       44650   -0.397334   -0.413807 0.000610597
       44700   -0.430909   -0.413826 0.000610214
       44750   -0.407441   -0.413819 0.000609573
       44800   -0.398126   -0.413802 0.000609145
       44850   -0.411647   -0.413799  0.00060847
       44900   -0.403039   -0.413787  0.00060791
       44950   -0.404519   -0.413777 0.000607321
       45000   -0.431424   -0.413797 0.000606963
       45050   -0.411575   -0.413794 0.000606294
       45100   -0.384831   -0.413762 0.000606472
       45150   -0.423911   -0.413773 0.000605904
       45200   -0.396978   -0.413755 0.000605518
       45250   -0.404891   -0.413745 0.000604928
       45300   -0.429288   -0.413762 0.000604504
       45350   -0.379828   -0.413725 0.000604995
       45400   -0.406923   -0.413717 0.000604374
       45450   -0.447813   -0.413755 0.000604873
       45500   -0.400584    -0.41374 0.000604382
       45550   -0.415203   -0.413742  0.00060372
       45600   -0.433905   -0.413764 0.000603463
       45650   -0.421679   -0.413773 0.000602864
       45700    -0.42005   -0.413779 0.000602243
       45750   -0.397136   -0.413761 0.000601859
       45800    -0.41307   -0.413761 0.000601202
       45850   -0.414204   -0.413761 0.000600547
       45900   -0.421881    -0.41377 0.000599957
       45950   -0.418327   -0.413775 0.000599325
       46000   -0.406435   -0.413767 0.000598726
       46050    -0.42022   -0.413774 0.000598117
       46100   -0.415291   -0.413776  0.00059747
       46150   -0.403284   -0.413764  0.00059693
       46200   -0.369602   -0.413716 0.000598196
       46250   -0.396424   -0.413698 0.000597842
       46300   -0.405131   -0.413688 0.000597267
       46350   -0.439575   -0.413716 0.000597276
       46400   -0.446613   -0.413752 0.000597684
       46450   -0.420175   -0.413759  0.00059708
       46500   -0.421773   -0.413767   0.0005965
       46550   -0.382201   -0.413733 0.000596823
       46600   -0.415137   -0.413735 0.000596184
       46650   -0.426049   -0.413748 0.000595691
       46700   -0.414911   -0.413749 0.000595054
       46750   -0.424464   -0.413761 0.000594528
       46800   -0.437661   -0.413786 0.000594441
       46850   -0.413774   -0.413786 0.000593807
       46900   -0.398507    -0.41377 0.000593397
       46950    -0.43101   -0.413788 0.000593049
       47000   -0.450505   -0.413827 0.000593704
       47050   -0.392614   -0.413805 0.000593501
       47100   -0.401009   -0.413791 0.000593026
       47150    -0.39169   -0.413768  0.00059286
       47200   -0.433703   -0.413789 0.000592608
       47250   -0.445599   -0.413823 0.000592937
       47300   -0.391585   -0.413799 0.000592776
       47350   -0.404765    -0.41379 0.000592227
       47400   -0.427567   -0.413804  0.00059178
       47450   -0.402493   -0.413792 0.000591277
       47500    -0.39306    -0.41377 0.000591057
       47550   -0.394012    -0.41375 0.000590801
       47600   -0.417377   -0.413753 0.000590192
       47650   -0.440752   -0.413782 0.000590253
       47700   -0.392569    -0.41376 0.000590053
       47750   -0.429252   -0.413776 0.000589658
       47800    -0.40943   -0.413771 0.000589058
       47850   -0.413067    -0.41377 0.000588443
       47900   -0.439886   -0.413798  0.00058846
       47950   -0.407935   -0.413792 0.000587878
       48000   -0.421696     -0.4138 0.000587323
       48050   -0.413312   -0.413799 0.000586711
       48100   -0.406358   -0.413792 0.000586152
       48150   -0.411012   -0.413789  0.00058555
       48200   -0.414856    -0.41379 0.000584944
       48250   -0.412521   -0.413789 0.000584339
       48300   -0.426818   -0.413802 0.000583889
       48350   -0.417054   -0.413805 0.000583295
       48400   -0.409322   -0.413801  0.00058271
       48450   -0.435371   -0.413823 0.000582534
       48500   -0.403083   -0.413812 0.000582039
       48550   -0.405097   -0.413803 0.000581508
       48600   -0.422165   -0.413812 0.000580973
       48650   -0.440184   -0.413839 0.000581008
       48700   -0.439224   -0.413865 0.000580997
       48750   -0.429934   -0.413881 0.000580634
       48800   -0.423077   -0.413891 0.000580116
       48850   -0.395851   -0.413872 0.000579816
       48900   -0.396182   -0.413854 0.000579505
       48950   -0.433592   -0.413874 0.000579263
       49000    -0.42101   -0.413882 0.000578718
       49050   -0.423302   -0.413891 0.000578207
       49100   -0.398749   -0.413876 0.000577824
       49150   -0.430236   -0.413892 0.000577476
       49200    -0.41667   -0.413895 0.000576896
       49250    -0.37284   -0.413854 0.000577815
       49300   -0.388058   -0.413827 0.000577821
       49350   -0.417523   -0.413831 0.000577248
       49400   -0.419405   -0.413837 0.000576691
       49450   -0.432305   -0.413855  0.00057641
       49500   -0.397212   -0.413839 0.000576073
       49550   -0.397637   -0.413822 0.000575723
       49600   -0.419273   -0.413828 0.000575169
       49650   -0.416977   -0.413831 0.000574598
       49700   -0.420271   -0.413837 0.000574056
       49750   -0.437146   -0.413861 0.000573957
       49800   -0.422029   -0.413869 0.000573439
       49850   -0.425271    -0.41388 0.000572978
       49900   -0.397062   -0.413864 0.000572652
       49950   -0.431886   -0.413882 0.000572362
       50000   -0.408108   -0.413876 0.000571819
