-0.476243   -0.497536   -0.48711
-0.339842   -0.318904   -0.497694
-0.484364   -0.333358   -0.316857
-0.323086   -0.495809   -0.314396
-0.175232   -0.49701   0.497133
0.00609382   -0.348099   -0.495488
-0.168817   -0.333782   -0.326222
-0.0037385   0.492738   -0.334909
0.172183   -0.499596   0.488279
0.344858   -0.335867   -0.485374
0.16013   -0.33835   -0.340366
0.338759   -0.498065   -0.329412
0.498753   -0.164705   -0.477242
-0.336156   0.00350518   -0.488135
-0.498191   -0.0108651   -0.32884
-0.320411   -0.170219   -0.320353
-0.165366   -0.173935   0.497139
-0.0014024   -0.00900443   -0.498716
-0.17052   0.00608453   -0.332876
-0.0171074   -0.166532   -0.339749
0.169243   -0.173944   -0.492522
0.3364   -0.00556984   -0.489518
0.164404   -0.00506463   -0.326681
0.329153   -0.168745   -0.312286
0.496747   0.162749   0.486762
-0.333551   0.333486   0.496817
-0.495252   0.342149   -0.327774
-0.342626   0.179138   -0.33447
-0.1653   0.154707   -0.495483
-0.0064531   0.332973   -0.495508
-0.169201   0.326933   -0.332703
0.00777248   0.163179   -0.344798
0.168959   0.187515   0.480925
0.355948   0.334971   0.485793
0.172054   0.338628   -0.33734
0.334762   0.152038   -0.335044
-0.491998   0.488008   -0.155407
-0.327396   -0.326932   -0.147138
0.485873   -0.329969   -0.00362427
-0.329035   0.49227   -0.0148164
-0.150946   0.49555   -0.160995
0.00071271   -0.335657   -0.168283
-0.151873   -0.323825   -0.00601658
-0.0097719   -0.495546   0.0161795
0.156017   0.491134   -0.158054
0.338947   -0.34165   -0.169594
0.161677   -0.328972   0.000371557
0.329705   0.488865   -0.0164843
-0.49842   -0.166076   -0.158001
-0.33202   0.00198803   -0.160412
0.498029   0.00327622   -0.0122154
-0.343361   -0.162546   0.00959999
-0.157909   -0.167368   -0.162976
-0.00202727   0.0102241   -0.173882
-0.168349   -0.000338448   -0.00914968
0.017796   -0.178221   -0.00759958
0.158972   -0.17883   -0.168229
0.330422   0.00460119   -0.16332
0.161763   0.00368535   0.0010384
0.325587   -0.162603   0.000444372
-0.493697   0.171688   -0.174695
-0.327811   0.327749   -0.176665
0.497693   0.325688   -0.0101859
-0.344315   0.170127   0.00575238
-0.186887   0.163411   -0.16708
-0.00832084   0.324636   -0.171851
-0.179725   0.327639   0.00667531
-0.0115806   0.174884   -0.00873066
0.163211   0.173405   -0.177496
0.32666   0.327036   -0.177197
0.154683   0.344241   0.00378393
0.335349   0.169447   -6.28342e-05
-0.497694   -0.496205   0.144568
-0.329491   -0.337923   0.16403
0.498432   -0.3298   0.349645
-0.34083   0.499588   0.320033
-0.173423   0.493672   0.173484
-0.00386286   -0.342702   0.179581
-0.162431   -0.336198   0.328169
0.0076556   0.495214   0.332036
0.179118   -0.494317   0.165982
0.325796   -0.328092   0.160083
0.18774   -0.337586   0.332297
0.352418   -0.490297   0.342193
0.484475   -0.17592   0.153836
-0.332603   0.0161622   0.159275
-0.492541   0.00258964   0.340949
-0.330016   -0.177386   0.336235
-0.163979   -0.171314   0.155393
0.00036338   0.0099623   0.165906
-0.172851   -0.0138897   0.337903
0.000322157   -0.168739   0.315386
0.171235   -0.159392   0.161407
0.324029   0.0129059   0.160745
0.172964   -0.0106797   0.34818
0.338894   -0.168546   0.352932
0.492428   0.168116   0.170332
-0.342822   0.330176   0.164747
-0.49236   0.351725   0.31757
-0.345116   0.175291   0.323257
-0.170958   0.180791   0.171848
0.00712142   0.326433   0.165407
-0.174701   0.34013   0.333952
-0.00794347   0.177639   0.3358
0.162998   0.174482   0.152893
0.329096   0.331468   0.1716
0.176693   0.355403   0.326181
0.330831   0.150386   0.327495
