-0.476156   -0.497494   -0.487149
-0.339812   -0.319024   -0.497735
-0.48433   -0.333358   -0.316861
-0.323052   -0.495797   -0.31445
-0.175305   -0.497084   0.497217
0.00594933   -0.348156   -0.495492
-0.16885   -0.333802   -0.326192
-0.00377471   0.492807   -0.334867
0.172117   -0.499638   0.488173
0.344895   -0.335848   -0.48536
0.160116   -0.338335   -0.340361
0.338747   -0.49802   -0.329527
0.498693   -0.164742   -0.477278
-0.336093   0.00367491   -0.488139
-0.498229   -0.0107206   -0.328767
-0.320364   -0.170218   -0.320292
-0.165385   -0.173965   0.49715
-0.00143686   -0.00902771   -0.498799
-0.170527   0.00603231   -0.332866
-0.0171711   -0.166558   -0.339779
0.16928   -0.173828   -0.4925
0.336344   -0.00551035   -0.489579
0.164371   -0.00511591   -0.326701
0.329185   -0.168785   -0.312255
0.496769   0.162888   0.486786
-0.333515   0.333505   0.496844
-0.495315   0.342155   -0.327819
-0.342558   0.179074   -0.334409
-0.165503   0.15471   -0.495599
-0.00652061   0.332996   -0.495683
-0.169194   0.326872   -0.332732
0.007712   0.163183   -0.344833
0.168926   0.187535   0.480998
0.35609   0.335028   0.485781
0.172154   0.338436   -0.337366
0.334757   0.151989   -0.334977
-0.491823   0.488087   -0.155386
-0.327323   -0.327051   -0.147097
0.485834   -0.329966   -0.00366884
-0.329082   0.492367   -0.0147724
-0.150922   0.495566   -0.160955
0.000771246   -0.335701   -0.168287
-0.151891   -0.323838   -0.00602139
-0.0097892   -0.495475   0.0160631
0.155963   0.490915   -0.15803
0.339015   -0.341565   -0.169612
0.161687   -0.329056   0.000340699
0.329751   0.48881   -0.0165921
-0.498353   -0.166114   -0.157898
-0.33202   0.00198028   -0.160516
0.498027   0.00325264   -0.0122569
-0.343494   -0.162528   0.00951445
-0.15787   -0.167406   -0.162969
-0.00200155   0.0103356   -0.173823
-0.168336   -0.000404771   -0.00919276
0.0177908   -0.178168   -0.00756614
0.15895   -0.178742   -0.168247
0.330443   0.0045266   -0.163358
0.161757   0.00370661   0.00100453
0.325628   -0.162497   0.000350853
-0.493786   0.171745   -0.174632
-0.32784   0.327614   -0.176597
0.497661   0.325788   -0.0102569
-0.344283   0.170062   0.00591724
-0.186831   0.163421   -0.167135
-0.00832029   0.324621   -0.171834
-0.179708   0.327718   0.0066977
-0.0115135   0.174924   -0.00863912
0.163249   0.173334   -0.177449
0.326655   0.327044   -0.177177
0.154652   0.344099   0.00380568
0.335323   0.169517   -6.55185e-05
-0.497699   -0.496256   0.14461
-0.329631   -0.337921   0.164102
0.498349   -0.329782   0.349631
-0.340793   0.499558   0.319979
-0.173234   0.493661   0.173514
-0.00390588   -0.342619   0.179573
-0.162475   -0.33627   0.328216
0.00772271   0.495335   0.33198
0.17908   -0.494322   0.165891
0.325821   -0.328202   0.160171
0.187679   -0.337585   0.332429
0.352469   -0.490324   0.342172
0.484437   -0.175922   0.153898
-0.33266   0.0161109   0.159373
-0.492478   0.0025098   0.340954
-0.329996   -0.17738   0.3363
-0.164023   -0.171407   0.155307
0.000304865   0.0098761   0.165963
-0.172865   -0.013937   0.337938
0.000234307   -0.168764   0.315443
0.171259   -0.159398   0.161313
0.324027   0.0129779   0.160658
0.173065   -0.010687   0.348228
0.33893   -0.168536   0.353011
0.492388   0.167988   0.17037
-0.342851   0.330093   0.164818
-0.492359   0.351868   0.31767
-0.345087   0.175431   0.323172
-0.170996   0.180851   0.171821
0.00715558   0.326591   0.165412
-0.174703   0.340165   0.333962
-0.0078841   0.177588   0.335763
0.163124   0.174536   0.15282
0.328997   0.331583   0.171611
0.176603   0.35538   0.326175
0.331014   0.150432   0.327512
