-0.274134   0.341163   -0.310009
-0.183082   -0.47592   -0.290069
-0.424498   -0.0691942   0.360561
0.316003   0.301438   -0.0599764
-0.255079   -0.316337   0.470474
0.153727   -0.22621   -0.238535
-0.463351   -0.382152   -0.0770277
-0.105014   0.156792   0.319492
0.115208   -0.228881   0.472097
0.356306   0.185246   0.260021
0.391214   -0.258027   0.372908
-0.0181417   0.3966   -0.247277
0.419857   -0.227528   -0.0163081
-0.392644   -0.0827263   -0.395466
0.31233   -0.135719   0.154596
-0.143577   0.207188   -0.421678
-0.187233   -0.135126   -0.421319
-0.111039   -0.0875321   0.205548
-0.220712   -0.291825   0.2541
0.00272593   -0.0987145   -0.338376
0.497473   0.482204   -0.349474
0.253734   0.170061   0.450324
0.0561658   0.115526   -0.285258
-0.497407   0.368782   -0.137203
0.233795   -0.0199853   -0.298983
0.42394   0.333969   0.491601
-0.466324   0.13983   0.425781
-0.341135   0.318029   0.412213
-0.315917   0.189504   0.249177
0.315872   -0.393289   -0.25347
-0.311077   0.491478   -0.459049
-0.353609   0.143672   -0.375334
0.0802664   -0.0830436   0.29623
0.292351   0.212121   -0.354831
0.499767   0.265275   -0.314605
0.150317   -0.0201882   0.494904
-0.278121   0.382399   0.1277
-0.193816   -0.15083   -0.202255
-0.25785   0.0866535   0.441074
0.00585552   0.486086   0.202974
-0.0385346   -0.280604   -0.336397
0.323297   0.394462   -0.255855
-0.469037   -0.188796   0.15434
-0.0143851   0.212973   -0.0310428
0.348366   0.49936   -0.0611981
0.222703   -0.491433   0.125806
-0.0210449   -0.289585   0.185375
-0.493412   -0.471364   0.359773
0.199218   -0.291437   0.278941
-0.165555   0.00628222   -0.0711726
0.363228   0.131632   0.0456475
-0.358042   -0.415352   0.130529
-0.386821   -0.192148   -0.131573
0.0598495   0.219206   -0.48817
0.299626   -0.00811179   0.329994
-0.157149   0.0353829   -0.288403
0.15384   -0.481922   -0.165294
0.497553   -0.330916   -0.277042
-0.0297742   0.0527612   -0.470137
0.0447194   -0.401518   0.0268961
0.362842   -0.0588001   -0.484935
-0.140351   0.221726   -0.190551
-0.152064   -0.424236   0.107299
-0.359886   0.00284571   -0.216649
-0.455066   -0.0165429   -0.0387675
0.181759   0.140591   -0.0544707
-0.102918   0.428372   -0.0322793
-0.0190285   -0.266461   -0.130645
0.159195   0.279081   -0.206718
0.463104   0.424954   0.0941048
0.307428   0.398642   0.284543
0.449184   0.0492116   -0.347498
-0.443351   -0.281812   -0.46343
-0.265252   -0.390705   -0.0912621
-0.30066   -0.301916   -0.295439
-0.41925   0.219207   0.0513221
0.120991   0.369717   -0.0200851
-0.2066   -0.213671   0.00368423
-0.047656   -0.400791   0.378455
-0.412568   -0.282915   0.338957
0.136869   -0.454734   0.397241
0.420418   -0.359961   0.163918
0.354553   -0.414523   -0.472052
0.227278   0.369352   -0.457279
0.484621   0.0298865   0.186951
-0.326983   0.181733   -0.128244
-0.30751   -0.0160077   0.184636
-0.111416   -0.187475   0.385531
-0.189167   0.172697   0.0740234
-0.306012   0.409876   -0.11637
0.0905604   0.34966   0.359128
0.093104   0.115092   0.319693
0.2229   -0.0601361   -0.0920025
0.0669581   -0.141297   0.0774156
0.212868   -0.27538   -0.0187066
0.32399   -0.238045   -0.373274
-0.476296   0.32177   0.263449
0.424791   -0.132873   -0.193128
-0.156994   0.342215   0.326308
-0.0127224   0.445404   -0.46665
0.212992   0.277549   0.148498
-0.00590131   0.265313   0.18878
-0.291622   0.493179   0.317928
0.143251   -0.388465   -0.383795
0.0197904   -0.00488306   -0.134292
0.189943   0.0247764   0.137588
-0.0136017   0.0456317   0.104354
0.391698   0.133491   -0.161571
