-0.129342   -0.194852   0.235127
-0.376291   -0.194072   -0.269141
0.11506   -0.212044   -0.154534
0.103111   -0.422301   -0.431776
0.345013   0.496683   0.206696
0.143263   -0.149287   -0.263071
0.172161   0.21943   -0.188165
0.0180543   0.148497   0.370578
0.340156   -0.241841   0.183218
0.0111808   0.477086   -0.344103
-0.385796   0.00746435   -0.00465295
-0.133626   -0.241008   0.315931
-0.390124   0.0999086   0.253424
-0.372029   0.136179   0.171794
-0.28942   0.340533   0.310605
0.236844   -0.473159   0.110469
0.336046   -0.142269   -0.14826
-0.164089   -0.284236   0.252748
-0.132445   -0.127095   -0.33691
0.0837023   -0.485454   -0.321711
0.481439   0.456941   0.396491
0.243731   0.415405   -0.0205739
-0.191505   0.133412   0.379473
-0.12787   0.451047   -0.11952
-0.437335   -0.282764   0.0506357
0.290207   0.424677   -0.392298
0.403631   0.249372   -0.444276
-0.225758   0.0257848   -0.414448
0.0288506   -0.316198   0.410296
0.498846   0.370322   0.0425481
0.132357   -0.275608   -0.336881
0.0162165   -0.441205   0.0337668
-0.489799   -0.467015   -0.096002
0.386117   -0.137341   0.121614
-0.132315   -0.190901   -0.413266
-0.364015   0.279841   -0.499403
-0.100954   0.266431   -0.347231
-0.180813   -0.365279   -0.128413
0.337224   -0.103817   -0.00285973
-0.283253   0.496004   -0.432062
-0.269156   -0.107145   -0.45918
-0.188365   -0.1143   -0.0764604
0.119593   -0.177639   -0.369194
-0.143074   0.187849   0.229725
0.336306   0.360284   -0.222821
0.35038   -0.258785   -0.0620806
-0.418143   0.0638542   -0.136478
0.254825   -0.0643553   -0.322232
0.0409813   0.43402   0.0895433
0.122508   0.258027   0.311538
-0.302812   0.0353344   0.412293
-0.223145   0.441775   0.268425
-0.413405   -0.465696   0.0635448
0.308109   0.445017   -0.250057
-0.46676   -0.467251   0.384798
-0.457944   0.476846   -0.164884
-0.211523   0.481061   0.0508992
-0.212143   -0.368648   -0.370514
0.453954   0.421786   -0.22568
-0.0910173   0.322958   -0.0865612
0.491664   -0.015443   0.326148
0.0948493   -0.0720449   -0.273469
-0.315354   0.136847   -0.0263048
0.170296   -0.373075   0.207606
-0.131353   0.322442   0.0210691
-0.019855   -0.0879898   0.181938
0.498094   0.49687   -0.499593
-0.046392   -0.307752   0.420086
-0.352294   -0.310094   0.397734
-0.462441   0.404784   0.107717
0.147355   0.135389   0.00689451
-0.395979   -0.220927   -0.378427
0.392023   0.267107   0.461546
0.313543   -0.014534   -0.0637004
-0.462702   0.491715   -0.252753
0.0331135   -0.134064   -0.406363
-0.357658   0.469511   -0.439266
-0.0150054   0.393632   0.338131
-0.196163   0.435384   -0.159355
0.172414   -0.313846   -0.397487
-0.436978   0.125133   -0.326849
-0.385362   -0.0476996   0.465394
0.0438178   -0.390576   -0.245253
-0.0734266   -0.316805   0.496454
0.16359   0.278127   0.210211
0.264483   -0.0260148   -0.409866
0.41597   0.0723738   -0.351394
0.263359   -0.0845627   0.0539726
0.0328705   0.359123   -0.221201
-0.265458   -0.271771   -0.403491
-0.202363   0.200337   -0.363766
-0.114224   -0.349178   0.397683
-0.448156   0.280035   0.133179
0.383564   -0.0143157   0.0522976
0.259447   0.349731   -0.255224
-0.0771216   0.188248   -0.10888
0.40717   -0.299721   -0.0872899
0.386859   0.396413   -0.173973
0.240079   0.306367   -0.365697
0.470254   0.380207   0.484003
-0.237884   -0.322051   -0.0754552
0.0333522   -0.0193345   -0.348296
0.113112   0.14727   0.262133
-0.102232   -0.402638   -0.348374
-0.0880166   -0.0420494   -0.18879
0.157427   -0.471008   -0.207793
-0.302795   -0.373883   0.103198
0.13491   -0.00793153   0.450442
