-0.129373   -0.194832   0.23508
-0.376356   -0.193974   -0.269133
0.11506   -0.212019   -0.15454
0.103145   -0.422262   -0.431814
0.344999   0.496686   0.206602
0.143195   -0.149251   -0.26305
0.17219   0.219424   -0.188173
0.0179681   0.148551   0.370585
0.34008   -0.241731   0.183206
0.0111663   0.477156   -0.344114
-0.385768   0.00748663   -0.00461963
-0.133607   -0.241006   0.315906
-0.390156   0.100012   0.253389
-0.372087   0.136178   0.171762
-0.289421   0.340586   0.310635
0.236936   -0.4731   0.110573
0.335991   -0.142266   -0.148256
-0.164078   -0.284273   0.252728
-0.132483   -0.127072   -0.336948
0.0837729   -0.485441   -0.321694
0.48146   0.456994   0.396487
0.243764   0.415386   -0.0206103
-0.19142   0.13347   0.379514
-0.127868   0.451084   -0.119542
-0.437337   -0.282687   0.0507016
0.29027   0.424583   -0.392328
0.40356   0.24942   -0.444254
-0.225724   0.0257805   -0.41433
0.0288829   -0.316202   0.410367
0.498839   0.370352   0.0426249
0.132259   -0.275616   -0.336847
0.0162023   -0.441201   0.0336535
-0.489833   -0.467034   -0.0960141
0.386125   -0.137319   0.121633
-0.132377   -0.190933   -0.413248
-0.363936   0.279762   -0.499363
-0.100907   0.266402   -0.347265
-0.18074   -0.365238   -0.128422
0.337216   -0.103766   -0.00285527
-0.283264   0.49592   -0.432049
-0.269217   -0.107219   -0.459128
-0.188376   -0.114317   -0.0765189
0.119527   -0.177655   -0.369213
-0.142949   0.187919   0.229758
0.336261   0.360274   -0.222926
0.350441   -0.258794   -0.0621087
-0.418163   0.0638277   -0.136459
0.254819   -0.064335   -0.322317
0.0410527   0.434016   0.089546
0.12249   0.257997   0.311548
-0.3028   0.0353617   0.412226
-0.223269   0.441743   0.268426
-0.413404   -0.465742   0.0635513
0.308062   0.444912   -0.250062
-0.466778   -0.467278   0.384844
-0.45801   0.476829   -0.164872
-0.211543   0.481025   0.0508578
-0.212146   -0.36871   -0.370535
0.453947   0.421799   -0.225676
-0.0911008   0.322865   -0.0865762
0.491688   -0.0153246   0.326136
0.0948386   -0.0720353   -0.273425
-0.315315   0.136854   -0.026266
0.170332   -0.373087   0.207677
-0.131309   0.322401   0.0210611
-0.0198563   -0.0880129   0.181998
0.49815   0.496933   -0.499604
-0.046329   -0.307747   0.420034
-0.352331   -0.310133   0.397719
-0.462442   0.404839   0.107735
0.147373   0.13539   0.00682812
-0.395985   -0.220865   -0.3784
0.392018   0.267083   0.461573
0.313512   -0.0145322   -0.0637592
-0.462744   0.491741   -0.252733
0.0331025   -0.134073   -0.40633
-0.357595   0.469518   -0.439286
-0.0150217   0.393602   0.338141
-0.196175   0.435405   -0.159345
0.172349   -0.313952   -0.39744
-0.436975   0.125143   -0.326828
-0.38533   -0.0477443   0.465439
0.0437952   -0.390562   -0.245245
-0.0734236   -0.316869   0.4965
0.16369   0.278102   0.210211
0.264423   -0.0259713   -0.409838
0.415988   0.0723223   -0.351384
0.263361   -0.0846061   0.0539501
0.0329622   0.359126   -0.221186
-0.265445   -0.271733   -0.403539
-0.202315   0.200325   -0.36378
-0.114243   -0.349229   0.397672
-0.448112   0.280065   0.133208
0.383556   -0.0144056   0.052349
0.259358   0.349711   -0.255214
-0.0770786   0.188202   -0.108824
0.407278   -0.299699   -0.0872712
0.386824   0.396471   -0.17397
0.239997   0.306396   -0.365731
0.470316   0.380148   0.48392
-0.237926   -0.322056   -0.0754313
0.0333665   -0.019285   -0.348337
0.113129   0.147225   0.262166
-0.102155   -0.402661   -0.348459
-0.0880046   -0.0420258   -0.188835
0.15744   -0.471009   -0.207787
-0.302808   -0.373949   0.103182
0.134889   -0.00796402   0.45041
