-0.274175   0.341168   -0.310072
-0.183099   -0.475908   -0.290086
-0.424533   -0.0691414   0.360518
0.315955   0.301443   -0.0600789
-0.255013   -0.316479   0.470499
0.153706   -0.226208   -0.23867
-0.463422   -0.382208   -0.0770348
-0.104845   0.156827   0.319462
0.115292   -0.228923   0.472191
0.356368   0.185251   0.259908
0.391266   -0.257942   0.372926
-0.0179911   0.396476   -0.247298
0.41984   -0.227463   -0.0164448
-0.392525   -0.0828966   -0.395381
0.312357   -0.135769   0.154707
-0.143625   0.207194   -0.421614
-0.187202   -0.135157   -0.421326
-0.111024   -0.0874839   0.205587
-0.220918   -0.291754   0.254114
0.00272001   -0.0988462   -0.338277
0.497479   0.482306   -0.349467
0.253757   0.170144   0.45028
0.056091   0.115617   -0.285305
-0.497402   0.36884   -0.137066
0.233751   -0.0199734   -0.298899
0.423936   0.333923   0.491586
-0.466309   0.139882   0.425665
-0.341101   0.317908   0.412221
-0.315822   0.18955   0.249153
0.315836   -0.393349   -0.253474
-0.31122   0.49143   -0.458985
-0.353617   0.143691   -0.375201
0.080153   -0.0831225   0.296237
0.292342   0.212108   -0.354869
0.499684   0.265248   -0.314656
0.150328   -0.0202435   0.495051
-0.278269   0.382399   0.12772
-0.193828   -0.150778   -0.202282
-0.257913   0.0866931   0.441029
0.00575405   0.486135   0.202967
-0.0385661   -0.28066   -0.336343
0.323273   0.394392   -0.255933
-0.46904   -0.188789   0.154313
-0.0144031   0.212998   -0.0308939
0.348514   0.49948   -0.0611858
0.22263   -0.491441   0.12571
-0.020991   -0.289464   0.185449
-0.493519   -0.471275   0.35966
0.199298   -0.291557   0.278983
-0.165497   0.00622496   -0.0711177
0.363188   0.131503   0.045751
-0.358087   -0.415442   0.130472
-0.386743   -0.192058   -0.131604
0.059841   0.219203   -0.488302
0.299644   -0.0082628   0.329988
-0.157127   0.035389   -0.288454
0.153785   -0.481878   -0.165286
0.497609   -0.330993   -0.277025
-0.0296973   0.0529012   -0.470237
0.0447569   -0.401415   0.0268703
0.362926   -0.0588413   -0.484895
-0.140484   0.221683   -0.190598
-0.152043   -0.424274   0.107386
-0.359792   0.00291605   -0.216734
-0.455089   -0.0165519   -0.0387684
0.181777   0.140578   -0.0543614
-0.102902   0.428472   -0.032393
-0.0189968   -0.266443   -0.130572
0.159214   0.279172   -0.206663
0.462998   0.424853   0.094113
0.307334   0.398671   0.284372
0.449139   0.0493067   -0.347496
-0.443395   -0.281794   -0.463499
-0.265226   -0.390761   -0.0912198
-0.300477   -0.302017   -0.29539
-0.419111   0.219217   0.0512918
0.120989   0.369695   -0.0201507
-0.206672   -0.213621   0.00374163
-0.0477174   -0.400829   0.37843
-0.412565   -0.283033   0.339
0.136843   -0.454926   0.397104
0.420335   -0.359934   0.163913
0.354568   -0.414603   -0.472065
0.227305   0.369338   -0.457301
0.484715   0.0298941   0.187023
-0.32701   0.181813   -0.128158
-0.307589   -0.0160534   0.184566
-0.111462   -0.187482   0.385635
-0.189229   0.172693   0.0740778
-0.306139   0.409858   -0.116397
0.0906064   0.349702   0.359198
0.0931342   0.115256   0.319628
0.222981   -0.0602176   -0.0919598
0.0669963   -0.141289   0.0773052
0.212866   -0.27547   -0.0185046
0.324013   -0.238066   -0.373313
-0.476256   0.321798   0.263408
0.424799   -0.132818   -0.193255
-0.156845   0.342186   0.326307
-0.0128441   0.445399   -0.466585
0.212971   0.277724   0.148524
-0.00584063   0.265384   0.188733
-0.291553   0.493313   0.317956
0.143226   -0.388432   -0.383695
0.0198571   -0.00488204   -0.134429
0.189971   0.0248817   0.137679
-0.0135748   0.0456024   0.104365
0.39162   0.133495   -0.161503
